FUNDAMENTAL CELL: (2.72329, 2.72329, 1.92191)
VERTEX 0: (0.0, 1.2232746351, 0.0)
VERTEX 1: (1.5000153649, 0.0, 0.4804775)
VERTEX 2: (0.0, 1.5000153649, 0.960955)
VERTEX 3: (1.2232746351, 0.0, 1.4414325)
VERTEX 4: (1.8001491558000002, 0.9231408442, 0.24023875)
VERTEX 5: (1.8001491557999998, 1.8001491558000002, 0.72071625)
VERTEX 6: (0.9231408441999999, 1.8001491557999998, 1.20119375)
VERTEX 7: (0.9231408442, 0.9231408441999999, 1.68167125)
EDGE 0: 0(0,0,0) <-> 7(0,0,-1)
EDGE 1: 1(0,0,0) <-> 4(0,0,0)
EDGE 2: 2(0,0,0) <-> 5(-1,0,0)
EDGE 3: 3(0,0,0) <-> 6(0,-1,0)
EDGE 4: 2(0,0,0) <-> 6(0,0,0)
EDGE 5: 3(0,0,0) <-> 7(0,0,0)
EDGE 6: 0(0,0,0) <-> 4(-1,0,0)
EDGE 7: 1(0,0,0) <-> 5(0,-1,0)
EDGE 8: 0(0,0,0) <-> 2(0,0,0)
EDGE 9: 1(0,0,0) <-> 3(0,0,0)
EDGE 10: 2(0,0,0) <-> 0(0,0,1)
EDGE 11: 3(0,0,0) <-> 1(0,0,1)
EDGE 12: 4(0,0,0) <-> 7(0,0,-1)
EDGE 13: 5(0,0,0) <-> 4(0,0,0)
EDGE 14: 6(0,0,0) <-> 5(0,0,0)
EDGE 15: 7(0,0,0) <-> 6(0,0,0)
FACE 0: { 4(0,0,0), 15(0,0,0), 0(0,0,1), 10(0,0,0) }
FACE 1: { 10(0,0,0), 6(0,0,1), 12(-1,0,1), 15(-1,0,0), 14(-1,0,0), 2(0,0,0) }
FACE 2: { 10(0,0,0), 0(0,0,1), 5(0,0,0), 3(0,0,0), 4(0,-1,0), 2(0,-1,0), 7(-1,0,0), 1(-1,0,0), 13(-1,0,0), 2(0,0,0) }
FACE 3: { 5(0,0,0), 12(0,0,1), 1(0,0,1), 11(0,0,0) }
FACE 4: { 6(0,0,0), 13(-1,0,0), 2(0,0,0), 8(0,0,0) }
FACE 5: { 7(0,0,0), 14(0,-1,0), 3(0,0,0), 9(0,0,0) }
FACE 6: { 11(0,0,0), 7(0,0,1), 13(0,-1,1), 12(0,-1,1), 15(0,-1,0), 3(0,0,0) }
FACE 7: { 8(0,0,0), 4(0,0,0), 14(0,0,0), 13(0,0,0), 12(0,0,0), 0(0,0,0) }
FACE 8: { 9(0,0,0), 5(0,0,0), 15(0,0,0), 14(0,0,0), 13(0,0,0), 1(0,0,0) }
FACE 9: { 11(0,0,0), 1(0,0,1), 6(1,0,1), 0(1,0,1), 5(1,0,0), 3(1,0,0), 4(1,-1,0), 2(1,-1,0), 14(0,-1,0), 3(0,0,0) }
FACE 10: { 8(0,0,0), 2(0,0,0), 7(-1,1,0), 1(-1,1,0), 6(0,1,0), 0(0,1,0), 5(0,1,-1), 3(0,1,-1), 15(0,0,-1), 0(0,0,0) }
FACE 11: { 9(0,0,0), 3(0,0,0), 4(0,-1,0), 2(0,-1,0), 7(-1,0,0), 1(-1,0,0), 6(0,0,0), 0(0,0,0), 12(0,0,0), 1(0,0,0) }
FACE 12: { 10(0,0,-1), 4(0,0,-1), 3(0,1,-1), 5(0,1,-1), 0(0,1,0), 6(0,1,0), 1(-1,1,0), 7(-1,1,0), 13(-1,0,0), 6(0,0,0) }
FACE 13: { 11(0,0,-1), 5(0,0,-1), 0(0,0,0), 6(0,0,0), 1(-1,0,0), 7(-1,0,0), 2(0,-1,0), 4(0,-1,0), 14(0,-1,0), 7(0,0,0) }
FACE 14: { 8(0,0,0), 6(0,0,0), 1(-1,0,0), 7(-1,0,0), 2(0,-1,0), 4(0,-1,0), 3(0,0,0), 5(0,0,0), 15(0,0,0), 4(0,0,0) }
FACE 15: { 9(0,0,0), 7(0,0,0), 2(1,-1,0), 4(1,-1,0), 3(1,0,0), 5(1,0,0), 0(1,0,1), 6(1,0,1), 12(0,0,1), 5(0,0,0) }
