FUNDAMENTAL CELL: (1.0, 1.0, 3.73205)
VERTEX 0: (0.25, 0.0, 0.4330297615)
VERTEX 1: (0.75, 0.0, 3.2990202385000003)
VERTEX 2: (0.25, 0.0, 1.433032559)
VERTEX 3: (0.75, 0.0, 2.299017441)
EDGE 0: 0(0,0,0) <-> 1(0,0,-1)
EDGE 1: 0(0,0,0) <-> 1(-1,0,-1)
EDGE 2: 0(0,0,0) <-> 0(1,0,0)
EDGE 3: 1(0,0,0) <-> 1(1,0,0)
EDGE 4: 0(0,0,0) <-> 0(0,1,0)
EDGE 5: 1(0,0,0) <-> 1(0,-1,0)
EDGE 6: 2(0,0,0) <-> 2(0,1,0)
EDGE 7: 3(0,0,0) <-> 3(0,-1,0)
EDGE 8: 0(0,0,0) <-> 2(0,0,0)
EDGE 9: 1(0,0,0) <-> 3(0,0,0)
EDGE 10: 2(0,0,0) <-> 3(0,0,0)
EDGE 11: 2(0,0,0) <-> 3(-1,0,0)
FACE 0: { 1(0,0,0), 3(-1,0,-1), 0(0,0,0) }
FACE 1: { 4(0,0,0), 0(0,1,0), 5(0,1,-1), 0(0,0,0) }
FACE 2: { 4(0,0,0), 2(0,1,0), 4(1,0,0), 2(0,0,0) }
FACE 3: { 8(0,0,0), 6(0,0,0), 8(0,1,0), 4(0,0,0) }
FACE 4: { 6(0,0,0), 10(0,1,0), 7(0,1,0), 10(0,0,0) }
FACE 5: { 2(0,0,0), 8(1,0,0), 11(1,0,0), 10(0,0,0), 8(0,0,0) }
FACE 6: { 0(0,0,1), 2(0,0,1), 1(1,0,1) }
FACE 7: { 4(0,-1,0), 1(0,-1,0), 5(-1,0,-1), 1(0,0,0) }
FACE 8: { 5(0,0,0), 3(0,-1,0), 5(1,0,0), 3(0,0,0) }
FACE 9: { 9(0,0,0), 7(0,0,0), 9(0,-1,0), 5(0,0,0) }
FACE 10: { 6(0,-1,0), 11(0,-1,0), 7(-1,0,0), 11(0,0,0) }
FACE 11: { 3(0,0,0), 9(1,0,0), 10(1,0,0), 11(1,0,0), 9(0,0,0) }
