FUNDAMENTAL CELL: (1.0, 1.0, 2.00001)
VERTEX 0: (0.0, 0.0, 0.0)
VERTEX 1: (0.0, 0.0, 1.000005)
EDGE 0: 0(0,0,0) <-> 1(0,0,0)
EDGE 1: 1(0,0,0) <-> 0(0,0,1)
EDGE 2: 0(0,0,0) <-> 0(1,0,0)
EDGE 3: 1(0,0,0) <-> 1(0,1,0)
FACE 0: { 2(0,0,0), 0(1,0,0), 1(1,0,0), 2(0,0,1), 1(0,0,0), 0(0,0,0) }
FACE 1: { 0(0,0,0), 3(0,0,0), 0(0,1,0), 2(0,1,0), 0(1,1,0), 3(1,0,0), 0(1,0,0), 2(0,0,0) }
FACE 2: { 3(0,0,0), 1(0,1,0), 0(0,1,1), 3(0,0,1), 0(0,0,1), 1(0,0,0) }
FACE 3: { 1(0,0,0), 2(-1,0,1), 1(-1,0,0), 3(-1,0,0), 1(-1,1,0), 2(-1,1,1), 1(0,1,0), 3(0,0,0) }
