FUNDAMENTAL CELL: (3.70328, 3.70328, 3.70328)
VERTEX 0: (0.1544638088, 0.1544638088, 0.1544638088)
VERTEX 1: (1.0802838088, 2.6229961912, 0.7713561912)
VERTEX 2: (3.5488161912, 1.6971761911999999, 0.1544638088)
VERTEX 3: (2.6229961912, 2.9319238088, 0.7713561912)
VERTEX 4: (0.1544638088, 3.5488161912, 1.6971761911999999)
VERTEX 5: (0.7713561912, 2.6229961912, 2.9319238088)
VERTEX 6: (3.5488161912, 2.0061038088, 1.6971761911999999)
VERTEX 7: (2.9319238088, 2.9319238088, 2.9319238088)
VERTEX 8: (1.0802838088, 1.0802838088, 1.0802838088)
VERTEX 9: (1.6971761911999999, 3.5488161912, 2.0061038088)
VERTEX 10: (0.7713561912, 1.0802838088, 2.6229961912)
VERTEX 11: (2.9319238088, 0.7713561912, 2.6229961912)
VERTEX 12: (2.0061038088, 2.0061038088, 2.0061038088)
VERTEX 13: (2.0061038088, 1.6971761911999999, 3.5488161912)
VERTEX 14: (2.6229961912, 0.7713561912000003, 1.0802838087999997)
VERTEX 15: (1.6971761911999999, 0.15446380879999969, 3.5488161912)
VERTEX 16: (0.92582, 3.24037, 0.0)
VERTEX 17: (0.46291, 1.85164, 0.92582)
VERTEX 18: (2.77746, 2.31455, 0.0)
VERTEX 19: (3.24037, 0.0, 0.92582)
VERTEX 20: (0.92582, 0.46291, 1.85164)
VERTEX 21: (1.38873, 1.85164, 2.77746)
VERTEX 22: (2.77746, 1.38873, 1.85164)
VERTEX 23: (2.31455, 0.0, 2.77746)
VERTEX 24: (0.0, 0.92582, 3.24037)
VERTEX 25: (1.85164, 2.77746, 1.38873)
VERTEX 26: (0.0, 2.77746, 2.31455)
VERTEX 27: (1.85164, 0.92582, 0.46291)
EDGE 0: 16(0,0,0) <-> 5(0,0,-1)
EDGE 1: 17(0,0,0) <-> 6(-1,0,0)
EDGE 2: 18(0,0,0) <-> 7(0,0,-1)
EDGE 3: 19(0,0,0) <-> 4(1,-1,0)
EDGE 4: 20(0,0,0) <-> 10(0,0,0)
EDGE 5: 21(0,0,0) <-> 12(0,0,0)
EDGE 6: 22(0,0,0) <-> 11(0,0,0)
EDGE 7: 23(0,0,0) <-> 9(0,-1,0)
EDGE 8: 24(0,0,0) <-> 11(-1,0,0)
EDGE 9: 25(0,0,0) <-> 9(0,0,0)
EDGE 10: 24(0,0,0) <-> 10(0,0,0)
EDGE 11: 25(0,0,0) <-> 12(0,0,0)
EDGE 12: 26(0,0,0) <-> 7(-1,0,0)
EDGE 13: 26(0,0,0) <-> 4(0,0,0)
EDGE 14: 26(0,0,0) <-> 5(0,0,0)
EDGE 15: 26(0,0,0) <-> 6(-1,0,0)
EDGE 16: 19(0,0,0) <-> 3(0,-1,0)
EDGE 17: 19(0,0,0) <-> 14(0,0,0)
EDGE 18: 16(0,0,0) <-> 15(0,1,-1)
EDGE 19: 17(0,0,0) <-> 8(0,0,0)
EDGE 20: 20(0,0,0) <-> 4(0,-1,0)
EDGE 21: 23(0,0,0) <-> 11(0,0,0)
EDGE 22: 20(0,0,0) <-> 9(0,-1,0)
EDGE 23: 22(0,0,0) <-> 12(0,0,0)
EDGE 24: 22(0,0,0) <-> 14(0,0,0)
EDGE 25: 23(0,0,0) <-> 15(0,0,0)
EDGE 26: 20(0,0,0) <-> 8(0,0,0)
EDGE 27: 21(0,0,0) <-> 13(0,0,0)
EDGE 28: 18(0,0,0) <-> 3(0,0,0)
EDGE 29: 19(0,0,0) <-> 0(1,0,0)
EDGE 30: 16(0,0,0) <-> 1(0,0,0)
EDGE 31: 17(0,0,0) <-> 2(-1,0,0)
EDGE 32: 25(0,0,0) <-> 1(0,0,0)
EDGE 33: 24(0,0,0) <-> 2(-1,0,1)
EDGE 34: 25(0,0,0) <-> 3(0,0,0)
EDGE 35: 24(0,0,0) <-> 0(0,0,1)
EDGE 36: 27(0,0,0) <-> 8(0,0,0)
EDGE 37: 27(0,0,0) <-> 13(0,0,-1)
EDGE 38: 27(0,0,0) <-> 14(0,0,0)
EDGE 39: 27(0,0,0) <-> 15(0,0,-1)
EDGE 40: 21(0,0,0) <-> 10(0,0,0)
EDGE 41: 21(0,0,0) <-> 5(0,0,0)
EDGE 42: 22(0,0,0) <-> 6(0,0,0)
EDGE 43: 23(0,0,0) <-> 7(0,-1,0)
EDGE 44: 18(0,0,0) <-> 13(0,0,-1)
EDGE 45: 17(0,0,0) <-> 1(0,0,0)
EDGE 46: 18(0,0,0) <-> 2(0,0,0)
EDGE 47: 16(0,0,0) <-> 0(0,1,0)
FACE 0: { 0(0,0,1), 30(0,0,1), 45(0,0,1), 31(0,0,1), 33(0,0,0), 10(0,0,0), 40(0,0,0), 41(0,0,0) }
FACE 1: { 1(1,0,0), 31(1,0,0), 46(0,0,0), 28(0,0,0), 34(0,0,0), 11(0,0,0), 23(0,0,0), 42(0,0,0) }
FACE 2: { 2(0,0,1), 28(0,0,1), 16(0,1,1), 29(0,1,1), 35(1,1,0), 8(1,1,0), 21(0,1,0), 43(0,1,0) }
FACE 3: { 3(-1,1,0), 29(-1,1,0), 47(0,0,0), 30(0,0,0), 32(0,0,0), 9(0,0,0), 22(0,1,0), 20(0,1,0) }
FACE 4: { 4(0,0,0), 26(0,0,0), 19(0,0,0), 1(0,0,0), 15(0,0,0), 14(0,0,0), 41(0,0,0), 40(0,0,0) }
FACE 5: { 5(0,0,0), 27(0,0,0), 44(0,0,1), 2(0,0,1), 12(1,0,0), 15(1,0,0), 42(0,0,0), 23(0,0,0) }
FACE 6: { 6(0,0,0), 24(0,0,0), 17(0,0,0), 3(0,0,0), 13(1,-1,0), 12(1,-1,0), 43(0,0,0), 21(0,0,0) }
FACE 7: { 7(0,1,0), 25(0,1,0), 18(0,0,1), 0(0,0,1), 14(0,0,0), 13(0,0,0), 20(0,1,0), 22(0,1,0) }
FACE 8: { 8(1,0,0), 10(1,0,0), 4(1,0,0), 20(1,0,0), 3(0,0,0), 17(0,0,0), 24(0,0,0), 6(0,0,0) }
FACE 9: { 9(0,0,0), 11(0,0,0), 5(0,0,0), 41(0,0,0), 0(0,0,1), 18(0,0,1), 25(0,1,0), 7(0,1,0) }
FACE 10: { 10(0,0,0), 8(0,0,0), 6(-1,0,0), 42(-1,0,0), 1(0,0,0), 19(0,0,0), 26(0,0,0), 4(0,0,0) }
FACE 11: { 11(0,0,0), 9(0,0,0), 7(0,1,0), 43(0,1,0), 2(0,0,1), 44(0,0,1), 27(0,0,0), 5(0,0,0) }
FACE 12: { 12(1,0,0), 14(1,0,0), 0(1,0,1), 47(1,0,1), 29(0,1,1), 16(0,1,1), 28(0,0,1), 2(0,0,1) }
FACE 13: { 13(0,0,0), 15(0,0,0), 1(0,0,0), 45(0,0,0), 30(0,0,0), 47(0,0,0), 29(-1,1,0), 3(-1,1,0) }
FACE 14: { 14(0,0,0), 12(0,0,0), 2(-1,0,1), 46(-1,0,1), 31(0,0,1), 45(0,0,1), 30(0,0,1), 0(0,0,1) }
FACE 15: { 15(1,0,0), 13(1,0,0), 3(0,1,0), 16(0,1,0), 28(0,0,0), 46(0,0,0), 31(1,0,0), 1(1,0,0) }
FACE 16: { 16(0,1,0), 17(0,1,0), 38(0,1,0), 39(0,1,0), 18(0,0,0), 30(0,0,0), 32(0,0,0), 34(0,0,0) }
FACE 17: { 17(0,0,0), 16(0,0,0), 34(0,-1,0), 9(0,-1,0), 22(0,0,0), 26(0,0,0), 36(0,0,0), 38(0,0,0) }
FACE 18: { 18(0,-1,1), 47(0,-1,1), 35(0,0,0), 10(0,0,0), 40(0,0,0), 27(0,0,0), 37(0,0,1), 39(0,0,1) }
FACE 19: { 19(0,0,0), 45(0,0,0), 32(0,0,0), 11(0,0,0), 23(0,0,0), 24(0,0,0), 38(0,0,0), 36(0,0,0) }
FACE 20: { 20(0,1,0), 22(0,1,0), 9(0,0,0), 32(0,0,0), 45(0,0,0), 1(0,0,0), 15(0,0,0), 13(0,0,0) }
FACE 21: { 21(0,0,0), 43(0,0,0), 12(1,-1,0), 13(1,-1,0), 20(1,0,0), 4(1,0,0), 10(1,0,0), 8(1,0,0) }
FACE 22: { 22(0,1,0), 20(0,1,0), 13(0,0,0), 14(0,0,0), 41(0,0,0), 5(0,0,0), 11(0,0,0), 9(0,0,0) }
FACE 23: { 23(0,0,0), 42(0,0,0), 15(1,0,0), 12(1,0,0), 43(0,1,0), 7(0,1,0), 9(0,0,0), 11(0,0,0) }
FACE 24: { 24(0,0,0), 6(0,0,0), 21(0,0,0), 7(0,0,0), 9(0,-1,0), 34(0,-1,0), 16(0,0,0), 17(0,0,0) }
FACE 25: { 25(0,0,0), 7(0,0,0), 22(0,0,0), 4(0,0,0), 10(0,0,0), 35(0,0,0), 47(0,-1,1), 18(0,-1,1) }
FACE 26: { 26(0,0,0), 4(0,0,0), 40(0,0,0), 5(0,0,0), 11(0,0,0), 32(0,0,0), 45(0,0,0), 19(0,0,0) }
FACE 27: { 27(0,0,0), 5(0,0,0), 23(0,0,0), 6(0,0,0), 8(1,0,0), 33(1,0,0), 46(0,0,1), 44(0,0,1) }
FACE 28: { 28(0,0,0), 2(0,0,0), 43(0,1,-1), 25(0,1,-1), 39(0,1,0), 38(0,1,0), 17(0,1,0), 16(0,1,0) }
FACE 29: { 29(-1,0,0), 3(-1,0,0), 20(0,0,0), 26(0,0,0), 36(0,0,0), 39(0,0,0), 18(0,-1,0), 47(0,-1,0) }
FACE 30: { 30(0,0,0), 0(0,0,0), 41(0,0,-1), 27(0,0,-1), 37(0,0,0), 36(0,0,0), 19(0,0,0), 45(0,0,0) }
FACE 31: { 31(1,0,0), 1(1,0,0), 42(0,0,0), 24(0,0,0), 38(0,0,0), 37(0,0,0), 44(0,0,0), 46(0,0,0) }
FACE 32: { 32(0,0,0), 34(0,0,0), 28(0,0,0), 44(0,0,0), 27(0,0,-1), 41(0,0,-1), 0(0,0,0), 30(0,0,0) }
FACE 33: { 33(1,0,-1), 35(1,0,-1), 29(0,0,0), 17(0,0,0), 24(0,0,0), 42(0,0,0), 1(1,0,0), 31(1,0,0) }
FACE 34: { 34(0,0,0), 32(0,0,0), 30(0,0,0), 18(0,0,0), 25(0,1,-1), 43(0,1,-1), 2(0,0,0), 28(0,0,0) }
FACE 35: { 35(0,0,-1), 33(0,0,-1), 31(0,0,0), 19(0,0,0), 26(0,0,0), 20(0,0,0), 3(-1,0,0), 29(-1,0,0) }
FACE 36: { 36(0,0,0), 38(0,0,0), 24(0,0,0), 23(0,0,0), 5(0,0,0), 40(0,0,0), 4(0,0,0), 26(0,0,0) }
FACE 37: { 37(0,0,1), 39(0,0,1), 25(0,0,0), 21(0,0,0), 6(0,0,0), 23(0,0,0), 5(0,0,0), 27(0,0,0) }
FACE 38: { 38(0,0,0), 36(0,0,0), 26(0,0,0), 22(0,0,0), 7(0,0,0), 21(0,0,0), 6(0,0,0), 24(0,0,0) }
FACE 39: { 39(0,0,1), 37(0,0,1), 27(0,0,0), 40(0,0,0), 4(0,0,0), 22(0,0,0), 7(0,0,0), 25(0,0,0) }
FACE 40: { 40(0,0,0), 41(0,0,0), 14(0,0,0), 15(0,0,0), 42(-1,0,0), 6(-1,0,0), 8(0,0,0), 10(0,0,0) }
FACE 41: { 41(0,0,0), 40(0,0,0), 10(0,0,0), 33(0,0,0), 46(-1,0,1), 2(-1,0,1), 12(0,0,0), 14(0,0,0) }
FACE 42: { 42(0,0,0), 23(0,0,0), 11(0,0,0), 34(0,0,0), 16(0,1,0), 3(0,1,0), 13(1,0,0), 15(1,0,0) }
FACE 43: { 43(0,1,0), 21(0,1,0), 8(1,1,0), 35(1,1,0), 47(1,0,1), 0(1,0,1), 14(1,0,0), 12(1,0,0) }
FACE 44: { 44(0,0,1), 46(0,0,1), 33(1,0,0), 8(1,0,0), 21(0,0,0), 25(0,0,0), 39(0,0,1), 37(0,0,1) }
FACE 45: { 45(0,0,0), 19(0,0,0), 36(0,0,0), 37(0,0,0), 44(0,0,0), 28(0,0,0), 34(0,0,0), 32(0,0,0) }
FACE 46: { 46(0,0,0), 44(0,0,0), 37(0,0,0), 38(0,0,0), 17(0,0,0), 29(0,0,0), 35(1,0,-1), 33(1,0,-1) }
FACE 47: { 47(0,-1,0), 18(0,-1,0), 39(0,0,0), 36(0,0,0), 19(0,0,0), 31(0,0,0), 33(0,0,-1), 35(0,0,-1) }
