FUNDAMENTAL CELL: (2.3094, 2.3094, 2.3094)
VERTEX 0: (0.288675, 0.288675, 1.443375)
VERTEX 1: (2.020725, 0.866025, 2.020725)
VERTEX 2: (1.443375, 0.288675, 0.288675)
VERTEX 3: (2.020725, 2.020725, 0.866025)
VERTEX 4: (0.288675, 1.443375, 0.288675)
VERTEX 5: (0.866025, 0.866025, 0.866025)
VERTEX 6: (0.866025, 2.020725, 2.020725)
VERTEX 7: (1.443375, 1.443375, 1.443375)
EDGE 0: 0(0,0,0) <-> 5(0,0,0)
EDGE 1: 1(0,0,0) <-> 7(0,0,0)
EDGE 2: 2(0,0,0) <-> 6(0,-1,-1)
EDGE 3: 3(0,0,0) <-> 4(1,0,0)
EDGE 4: 0(0,0,0) <-> 6(0,-1,0)
EDGE 5: 1(0,0,0) <-> 4(1,0,1)
EDGE 6: 2(0,0,0) <-> 5(0,0,0)
EDGE 7: 3(0,0,0) <-> 7(0,0,0)
EDGE 8: 4(0,0,0) <-> 5(0,0,0)
EDGE 9: 2(0,0,0) <-> 1(0,0,-1)
EDGE 10: 3(0,0,0) <-> 2(0,1,0)
EDGE 11: 0(0,0,0) <-> 3(-1,-1,0)
EDGE 12: 0(0,0,0) <-> 1(-1,0,0)
EDGE 13: 6(0,0,0) <-> 7(0,0,0)
EDGE 14: 6(0,0,0) <-> 4(0,0,1)
EDGE 15: 7(0,0,0) <-> 5(0,0,0)
FACE 0: { 12(0,0,0), 9(-1,0,1), 10(-1,-1,1), 3(-1,-1,1), 14(0,-1,0), 4(0,0,0) }
FACE 1: { 9(0,0,1), 10(0,-1,1), 11(1,0,1), 0(1,0,1), 8(1,0,1), 5(0,0,0) }
FACE 2: { 10(0,-1,0), 11(1,0,0), 12(1,0,0), 1(0,0,0), 15(0,0,0), 6(0,0,0) }
FACE 3: { 11(1,1,0), 12(1,1,0), 9(0,1,1), 2(0,1,1), 13(0,0,0), 7(0,0,0) }
FACE 4: { 10(0,-1,0), 7(0,-1,0), 15(0,-1,0), 8(0,-1,0), 14(0,-1,-1), 2(0,0,0) }
FACE 5: { 11(1,1,0), 4(1,1,0), 13(1,0,0), 15(1,0,0), 8(1,0,0), 3(0,0,0) }
FACE 6: { 12(0,0,0), 5(-1,0,0), 14(0,0,0), 13(0,0,0), 15(0,0,0), 0(0,0,0) }
FACE 7: { 0(0,0,0), 12(0,0,0), 1(-1,0,0), 7(-1,0,0), 3(-1,0,0), 8(0,0,0) }
FACE 8: { 5(-1,0,-1), 12(0,0,-1), 4(0,0,-1), 2(0,0,0), 6(0,0,0), 8(0,0,0) }
FACE 9: { 3(0,0,0), 14(1,0,-1), 2(1,1,0), 6(1,1,0), 0(1,1,0), 11(1,1,0) }
FACE 10: { 1(0,0,0), 15(0,0,0), 0(0,0,0), 4(0,0,0), 2(0,0,1), 9(0,0,1) }
FACE 11: { 14(0,0,-1), 4(0,1,-1), 11(0,1,-1), 7(-1,0,-1), 1(-1,0,-1), 5(-1,0,-1) }
FACE 12: { 3(0,0,0), 5(0,0,-1), 9(0,0,0), 6(0,0,0), 15(0,0,0), 7(0,0,0) }
FACE 13: { 5(0,0,0), 3(0,0,1), 10(0,0,1), 2(0,1,1), 13(0,0,0), 1(0,0,0) }
FACE 14: { 6(0,0,0), 0(0,0,0), 4(0,0,0), 13(0,-1,0), 7(0,-1,0), 10(0,-1,0) }
FACE 15: { 9(0,0,1), 6(0,0,1), 8(0,0,1), 14(0,0,0), 13(0,0,0), 1(0,0,0) }
