FUNDAMENTAL CELL: (1.0, 1.0, 3.41423)
VERTEX 0: (0.25, 0.25, 2.0606585165)
VERTEX 1: (0.75, 0.75, 0.3535435165000001)
VERTEX 2: (0.75, 0.75, 1.3535714835)
VERTEX 3: (0.25, 0.25, 3.0606864834999996)
EDGE 0: 0(0,0,0) <-> 0(1,0,0)
EDGE 1: 1(0,0,0) <-> 1(0,1,0)
EDGE 2: 2(0,0,0) <-> 2(-1,0,0)
EDGE 3: 3(0,0,0) <-> 3(0,-1,0)
EDGE 4: 0(0,0,0) <-> 3(0,0,0)
EDGE 5: 1(0,0,0) <-> 2(0,0,0)
EDGE 6: 0(0,0,0) <-> 2(0,0,0)
EDGE 7: 1(0,0,0) <-> 3(0,1,-1)
EDGE 8: 0(0,0,0) <-> 2(-1,-1,0)
EDGE 9: 1(0,0,0) <-> 3(1,0,-1)
