FUNDAMENTAL CELL: (2.51074, 2.51074, 6.06663)
VERTEX 0: (0.2886848852, 0.577344663, 3.033315)
VERTEX 1: (2.2220802222000002, 0.2886848852, 1.011104999999999)
VERTEX 2: (1.933395337, 2.2220802222000002, 5.055524999999999)
VERTEX 3: (2.2220551148000003, 1.933395337, 3.033315)
VERTEX 4: (0.2886597778, 2.2220551148000003, 1.011104999999999)
VERTEX 5: (0.577344663, 0.2886597778, 5.055524999999999)
VERTEX 6: (1.25537, 0.0, 0.5000116445999999)
VERTEX 7: (1.25537, 1.25537, 4.5444316446)
VERTEX 8: (0.0, 1.25537, 2.5222216445999996)
VERTEX 9: (0.0, 1.25537, 1.5221983553999998)
VERTEX 10: (1.25537, 0.0, 5.5666183554)
VERTEX 11: (1.25537, 1.25537, 3.5444083553999994)
EDGE 0: 6(0,0,0) <-> 4(0,-1,0)
EDGE 1: 7(0,0,0) <-> 5(0,0,0)
EDGE 2: 8(0,0,0) <-> 0(0,0,0)
EDGE 3: 6(0,0,0) <-> 1(0,0,0)
EDGE 4: 7(0,0,0) <-> 2(0,0,0)
EDGE 5: 8(0,0,0) <-> 3(-1,0,0)
EDGE 6: 9(0,0,0) <-> 4(0,0,0)
EDGE 7: 10(0,0,0) <-> 5(0,0,0)
EDGE 8: 11(0,0,0) <-> 0(0,0,0)
EDGE 9: 9(0,0,0) <-> 1(-1,0,0)
EDGE 10: 10(0,0,0) <-> 2(0,-1,0)
EDGE 11: 11(0,0,0) <-> 3(0,0,0)
EDGE 12: 6(0,0,0) <-> 10(0,0,-1)
EDGE 13: 7(0,0,0) <-> 11(0,0,0)
EDGE 14: 8(0,0,0) <-> 9(0,0,0)
EDGE 15: 0(0,0,0) <-> 3(-1,-1,0)
EDGE 16: 1(0,0,0) <-> 4(1,-1,0)
EDGE 17: 2(0,0,0) <-> 5(1,1,0)
FACE 0: { 15(0,0,0), 11(-1,-1,0), 13(-1,-1,0), 4(-1,-1,0), 17(-1,-1,0), 1(0,0,0), 13(0,0,0), 8(0,0,0) }
FACE 1: { 8(0,0,0), 11(0,0,0), 15(1,1,0), 2(1,1,0), 5(1,1,0), 11(0,1,0), 8(0,1,0), 15(0,1,0), 5(0,0,0), 2(0,0,0) }
FACE 2: { 2(0,0,0), 14(0,0,0), 9(0,0,0), 16(-1,0,0), 0(0,0,0), 3(0,0,0), 9(1,0,0), 14(1,0,0), 5(1,0,0), 11(0,0,0), 8(0,0,0) }
FACE 3: { 16(0,0,0), 6(1,-1,0), 14(1,-1,0), 5(1,-1,0), 15(1,0,0), 2(1,0,0), 14(1,0,0), 9(1,0,0) }
FACE 4: { 17(0,0,0), 7(1,1,0), 12(1,1,1), 0(1,1,1), 16(0,1,1), 3(0,1,1), 12(0,1,1), 10(0,1,0) }
FACE 5: { 9(1,0,0), 6(1,0,0), 16(0,1,0), 3(0,1,0), 0(0,1,0), 6(0,0,0), 9(0,0,0), 16(-1,0,0), 0(0,0,0), 3(0,0,0) }
FACE 6: { 10(0,1,0), 7(0,1,0), 17(-1,0,0), 4(-1,0,0), 1(-1,0,0), 7(-1,0,0), 10(-1,0,0), 17(-1,-1,0), 1(0,0,0), 4(0,0,0) }
FACE 7: { 3(0,0,0), 12(0,0,0), 10(0,0,-1), 17(0,-1,-1), 1(1,0,-1), 4(1,0,-1), 10(1,1,-1), 12(1,1,0), 0(1,1,0), 6(1,0,0), 9(1,0,0) }
FACE 8: { 4(0,0,0), 13(0,0,0), 11(0,0,0), 15(1,1,0), 2(1,1,0), 5(1,1,0), 11(0,1,0), 13(0,1,0), 1(0,1,0), 7(0,1,0), 10(0,1,0) }
FACE 9: { 5(1,0,0), 14(1,0,0), 6(1,0,0), 16(0,1,0), 3(0,1,0), 0(0,1,0), 6(0,0,0), 14(0,0,0), 2(0,0,0), 8(0,0,0), 11(0,0,0) }
FACE 10: { 0(0,1,0), 12(0,1,0), 7(0,1,-1), 17(-1,0,-1), 4(-1,0,-1), 1(-1,0,-1), 7(-1,0,-1), 12(-1,0,0), 3(-1,0,0), 9(0,0,0), 6(0,0,0) }
FACE 11: { 1(0,0,0), 13(0,0,0), 8(0,0,0), 15(0,0,0), 5(0,-1,0), 2(0,-1,0), 8(0,-1,0), 13(0,-1,0), 4(0,-1,0), 10(0,0,0), 7(0,0,0) }
FACE 12: { 10(0,1,0), 12(0,1,1), 3(0,1,1), 16(0,1,1), 6(1,0,1), 9(1,0,1), 3(0,0,1), 12(0,0,1), 7(0,0,0), 1(0,0,0), 4(0,0,0) }
FACE 13: { 11(0,0,0), 13(0,0,0), 4(0,0,0), 17(0,0,0), 7(1,1,0), 10(1,1,0), 4(1,0,0), 13(1,0,0), 8(1,0,0), 2(1,0,0), 5(1,0,0) }
FACE 14: { 6(0,0,0), 14(0,0,0), 5(0,0,0), 15(0,1,0), 8(0,1,0), 11(0,1,0), 5(1,1,0), 14(1,1,0), 9(1,1,0), 3(0,1,0), 0(0,1,0) }
FACE 15: { 7(0,0,0), 12(0,0,1), 0(0,0,1), 16(-1,0,1), 9(0,0,1), 6(0,0,1), 0(0,1,1), 12(0,1,1), 10(0,1,0), 4(0,0,0), 1(0,0,0) }
FACE 16: { 8(0,0,0), 13(0,0,0), 1(0,0,0), 17(-1,-1,0), 10(-1,0,0), 7(-1,0,0), 1(-1,0,0), 13(-1,0,0), 11(-1,0,0), 5(0,0,0), 2(0,0,0) }
FACE 17: { 9(1,0,0), 14(1,0,0), 2(1,0,0), 15(1,0,0), 11(0,-1,0), 8(0,-1,0), 2(0,-1,0), 14(0,-1,0), 6(0,-1,0), 0(0,0,0), 3(0,0,0) }
