FUNDAMENTAL CELL: (1.71426, 0.99999, 2.76227)
VERTEX 0: (0.0, 0.0, 1.381135)
VERTEX 1: (0.85713, 0.499995, 0.0)
VERTEX 2: (0.0, 0.499995, 0.5151081096)
VERTEX 3: (0.85713, 0.0, 1.8962431095999999)
EDGE 0: 2(0,0,0) <-> 2(0,1,0)
EDGE 1: 3(0,0,0) <-> 3(0,1,0)
EDGE 2: 0(0,0,0) <-> 3(0,0,0)
EDGE 3: 0(0,0,0) <-> 3(-1,0,0)
EDGE 4: 1(0,0,0) <-> 2(1,0,0)
EDGE 5: 1(0,0,0) <-> 2(0,0,0)
EDGE 6: 0(0,0,0) <-> 2(0,0,0)
EDGE 7: 0(0,0,0) <-> 2(0,-1,0)
EDGE 8: 1(0,0,0) <-> 3(0,1,-1)
EDGE 9: 1(0,0,0) <-> 3(0,0,-1)
FACE 0: { 9(0,0,0), 1(0,0,-1), 8(0,0,0) }
FACE 1: { 4(0,0,0), 0(1,0,0), 4(0,1,0), 9(0,1,0), 8(0,0,0) }
FACE 2: { 8(0,0,0), 3(1,1,-1), 2(1,1,-1), 8(1,0,0), 5(1,0,0), 4(0,0,0) }
FACE 3: { 7(0,0,0), 0(0,-1,0), 6(0,0,0) }
FACE 4: { 5(0,0,0), 0(0,-1,0), 5(0,-1,0), 8(0,-1,0), 9(0,0,0) }
FACE 5: { 2(0,0,0), 1(0,0,0), 2(0,1,0), 7(0,1,0), 6(0,0,0) }
FACE 6: { 3(0,0,0), 1(-1,-1,0), 3(0,-1,0), 6(0,-1,0), 7(0,0,0) }
FACE 7: { 9(0,0,0), 2(0,0,-1), 3(0,0,-1), 9(-1,0,0), 4(-1,0,0), 5(0,0,0) }
FACE 8: { 6(0,0,0), 5(0,0,0), 4(0,0,0), 6(1,0,0), 3(1,0,0), 2(0,0,0) }
FACE 9: { 7(0,0,0), 4(-1,-1,0), 5(-1,-1,0), 7(-1,0,0), 2(-1,0,0), 3(0,0,0) }
