FUNDAMENTAL CELL: (1.41421, 1.41421, 1.41421)
VERTEX 0: (0.0, 0.707105, 0.707105)
VERTEX 1: (0.707105, 0.0, 0.707105)
VERTEX 2: (0.707105, 0.707105, 0.0)
VERTEX 3: (0.0, 0.0, 0.0)
EDGE 0: 3(0,0,0) <-> 0(0,0,0)
EDGE 1: 3(0,0,0) <-> 1(-1,0,0)
EDGE 2: 3(0,0,0) <-> 0(0,-1,0)
EDGE 3: 3(0,0,0) <-> 1(0,0,0)
EDGE 4: 3(0,0,0) <-> 0(0,-1,-1)
EDGE 5: 3(0,0,0) <-> 1(0,0,-1)
EDGE 6: 3(0,0,0) <-> 0(0,0,-1)
EDGE 7: 3(0,0,0) <-> 1(-1,0,-1)
EDGE 8: 3(0,0,0) <-> 2(0,0,0)
EDGE 9: 3(0,0,0) <-> 2(0,-1,0)
EDGE 10: 3(0,0,0) <-> 2(-1,0,0)
EDGE 11: 3(0,0,0) <-> 2(-1,-1,0)
FACE 0: { 1(1,0,0), 0(1,0,0), 6(1,0,1), 7(1,0,1) }
FACE 1: { 2(0,1,0), 1(0,1,0), 7(0,1,1), 4(0,1,1) }
FACE 2: { 3(0,0,0), 2(0,0,0), 4(0,0,1), 5(0,0,1) }
FACE 3: { 0(0,0,0), 3(0,0,0), 5(0,0,1), 6(0,0,1) }
FACE 4: { 9(0,1,0), 3(0,1,0), 1(1,1,0), 11(1,1,0) }
FACE 5: { 8(0,0,0), 0(0,0,0), 2(0,1,0), 9(0,1,0) }
FACE 6: { 10(1,0,0), 1(1,0,0), 3(0,0,0), 8(0,0,0) }
FACE 7: { 11(1,1,0), 2(1,1,0), 0(1,0,0), 10(1,0,0) }
FACE 8: { 8(0,0,0), 5(0,0,0), 7(1,0,0), 10(1,0,0) }
FACE 9: { 10(1,0,0), 6(1,0,0), 4(1,1,0), 11(1,1,0) }
FACE 10: { 11(1,1,0), 7(1,1,0), 5(0,1,0), 9(0,1,0) }
FACE 11: { 9(0,1,0), 4(0,1,0), 6(0,0,0), 8(0,0,0) }
