FUNDAMENTAL CELL: (1.73205, 1.73205, 1.0)
VERTEX 0: (0.0, 0.0, 0.0)
VERTEX 1: (1.1547057735000001, 0.5773442265000001, 0.0)
EDGE 0: 1(0,0,0) <-> 1(0,0,1)
EDGE 1: 0(0,0,0) <-> 1(0,0,0)
EDGE 2: 0(0,0,0) <-> 1(-1,-1,0)
EDGE 3: 0(0,0,0) <-> 1(-1,0,0)
FACE 0: { 3(0,0,0), 2(0,1,0), 1(0,1,0), 3(1,1,0), 2(1,1,0), 1(0,0,0) }
FACE 1: { 3(0,0,0), 0(-1,0,-1), 3(0,0,-1), 1(0,0,-1), 0(0,0,-1), 1(0,0,0) }
FACE 2: { 1(0,0,0), 0(0,0,0), 1(0,0,1), 2(0,0,1), 0(-1,-1,0), 2(0,0,0) }
FACE 3: { 2(0,0,0), 0(-1,-1,-1), 2(0,0,-1), 3(0,0,-1), 0(-1,0,-1), 3(0,0,0) }
