FUNDAMENTAL CELL: (1.80107, 1.80107, 5.60868)
VERTEX 0: (0.0, 0.0, 0.9347986956000001)
VERTEX 1: (0.0, 0.0, 4.673918695599999)
VERTEX 2: (0.0, 0.0, 2.8043586956)
VERTEX 3: (0.900535, 0.0, 0.5000138219999999)
VERTEX 4: (0.900535, 0.900535, 4.239133821999999)
VERTEX 5: (0.0, 0.900535, 2.369573822)
VERTEX 6: (0.0, 0.900535, 1.3695461779999998)
VERTEX 7: (0.900535, 0.0, 5.108666178)
VERTEX 8: (0.900535, 0.900535, 3.2391061779999997)
EDGE 0: 0(0,0,0) <-> 3(0,0,0)
EDGE 1: 1(0,0,0) <-> 4(0,0,0)
EDGE 2: 2(0,0,0) <-> 5(0,0,0)
EDGE 3: 0(0,0,0) <-> 3(-1,0,0)
EDGE 4: 1(0,0,0) <-> 4(-1,-1,0)
EDGE 5: 2(0,0,0) <-> 5(0,-1,0)
EDGE 6: 0(0,0,0) <-> 6(0,-1,0)
EDGE 7: 1(0,0,0) <-> 7(0,0,0)
EDGE 8: 2(0,0,0) <-> 8(0,0,0)
EDGE 9: 0(0,0,0) <-> 6(0,0,0)
EDGE 10: 1(0,0,0) <-> 7(-1,0,0)
EDGE 11: 2(0,0,0) <-> 8(-1,-1,0)
EDGE 12: 3(0,0,0) <-> 7(0,0,-1)
EDGE 13: 4(0,0,0) <-> 8(0,0,0)
EDGE 14: 5(0,0,0) <-> 6(0,0,0)
FACE 0: { 2(0,0,0), 5(0,1,0), 8(0,1,0), 11(1,2,0), 5(1,2,0), 2(1,1,0), 11(1,1,0), 8(0,0,0) }
FACE 1: { 8(0,0,0), 13(0,0,0), 1(0,0,0), 10(0,0,0), 7(-1,0,0), 1(-1,0,0), 13(-1,0,0), 11(0,1,0), 5(0,1,0), 2(0,0,0) }
FACE 2: { 3(0,0,0), 0(-1,0,0), 9(-1,0,0), 6(-1,1,0), 0(-1,1,0), 3(0,1,0), 6(0,1,0), 9(0,0,0) }
FACE 3: { 4(0,0,0), 1(-1,-1,0), 10(-1,-1,0), 7(-2,-1,0), 1(-2,-1,0), 4(-1,0,0), 7(-1,0,0), 10(0,0,0) }
FACE 4: { 9(0,0,0), 14(0,0,0), 2(0,0,0), 11(0,0,0), 8(-1,-1,0), 2(-1,-1,0), 14(-1,-1,0), 6(-1,0,0), 0(-1,0,0), 3(0,0,0) }
FACE 5: { 10(0,0,0), 12(-1,0,1), 3(0,0,1), 6(0,0,1), 9(0,-1,1), 3(0,-1,1), 12(-1,-1,1), 7(-1,-1,0), 1(-1,-1,0), 4(0,0,0) }
FACE 6: { 11(0,0,0), 13(-1,-1,0), 4(0,0,0), 7(0,0,0), 10(1,0,0), 4(1,0,0), 13(0,-1,0), 8(0,-1,0), 2(0,-1,0), 5(0,0,0) }
FACE 7: { 6(0,0,0), 14(0,-1,0), 5(0,0,0), 8(0,0,0), 11(1,1,0), 5(1,1,0), 14(1,0,0), 9(1,0,0), 3(1,0,0), 0(0,0,0) }
FACE 8: { 7(0,0,0), 12(0,0,1), 0(0,0,1), 9(0,0,1), 6(0,1,1), 0(0,1,1), 12(0,1,1), 10(1,1,0), 4(1,1,0), 1(0,0,0) }
FACE 9: { 4(0,0,0), 13(-1,-1,0), 11(0,0,0), 2(0,0,0), 5(0,1,0), 11(0,1,0), 13(-1,0,0), 1(-1,0,0), 7(-1,0,0), 10(0,0,0) }
FACE 10: { 5(0,0,0), 14(0,-1,0), 6(0,0,0), 3(0,0,0), 0(-1,0,0), 6(-1,0,0), 14(-1,-1,0), 2(-1,-1,0), 8(-1,-1,0), 11(0,0,0) }
FACE 11: { 0(0,0,0), 12(0,0,0), 7(0,0,-1), 4(0,0,-1), 1(-1,-1,-1), 7(-1,-1,-1), 12(-1,-1,0), 3(0,-1,0), 9(0,-1,0), 6(0,0,0) }
FACE 12: { 1(0,0,0), 13(0,0,0), 8(0,0,0), 5(0,0,0), 2(0,-1,0), 8(0,-1,0), 13(0,-1,0), 4(1,0,0), 10(1,0,0), 7(0,0,0) }
FACE 13: { 2(0,0,0), 14(0,0,0), 9(0,0,0), 0(0,0,0), 3(1,0,0), 9(1,0,0), 14(1,0,0), 5(1,1,0), 11(1,1,0), 8(0,0,0) }
FACE 14: { 3(0,0,0), 12(-1,0,0), 10(0,0,-1), 1(0,0,-1), 4(1,1,-1), 10(1,1,-1), 12(0,1,0), 0(0,1,0), 6(0,1,0), 9(0,0,0) }
