FUNDAMENTAL CELL: (1.63299, 1.63299, 1.63299)
VERTEX 0: (0.61237125, 0.61237125, 0.61237125)
VERTEX 1: (1.42886625, 0.20412375, 1.02061875)
VERTEX 2: (0.20412375, 1.02061875, 1.42886625)
VERTEX 3: (1.02061875, 1.42886625, 0.20412375)
EDGE 0: 0(0,0,0) <-> 2(0,0,-1)
EDGE 1: 1(0,0,0) <-> 3(0,-1,0)
EDGE 2: 2(0,0,0) <-> 0(0,0,0)
EDGE 3: 3(0,0,0) <-> 1(0,1,-1)
EDGE 4: 0(0,0,0) <-> 1(-1,0,0)
EDGE 5: 1(0,0,0) <-> 2(1,-1,0)
EDGE 6: 2(0,0,0) <-> 3(0,0,1)
EDGE 7: 3(0,0,0) <-> 0(0,1,0)
EDGE 8: 1(0,0,0) <-> 0(0,0,0)
EDGE 9: 2(0,0,0) <-> 1(-1,0,0)
EDGE 10: 3(0,0,0) <-> 2(1,0,-1)
EDGE 11: 0(0,0,0) <-> 3(0,0,0)
FACE 0: { 2(0,0,0), 5(-1,1,0), 1(-1,1,0), 10(-1,0,0), 0(0,0,0) }
FACE 1: { 3(0,-1,1), 6(0,-1,0), 2(0,-1,0), 11(0,-1,0), 1(0,0,0) }
FACE 2: { 0(0,0,1), 7(0,-1,1), 3(0,-1,1), 8(0,0,0), 2(0,0,0) }
FACE 3: { 1(0,1,0), 4(1,1,0), 0(1,1,0), 9(1,1,-1), 3(0,0,0) }
FACE 4: { 8(0,0,0), 3(0,-1,1), 6(0,-1,0), 5(-1,0,0), 4(0,0,0) }
FACE 5: { 9(1,0,0), 0(1,0,1), 7(1,-1,1), 6(1,-1,0), 5(0,0,0) }
FACE 6: { 10(-1,0,1), 1(-1,1,1), 4(0,1,1), 7(0,0,1), 6(0,0,0) }
FACE 7: { 11(0,0,0), 2(0,0,0), 5(-1,1,0), 4(0,1,0), 7(0,0,0) }
FACE 8: { 4(1,0,0), 0(1,0,0), 10(0,0,0), 11(0,0,0), 8(0,0,0) }
FACE 9: { 5(-1,1,0), 1(-1,1,0), 11(-1,0,0), 8(-1,0,0), 9(0,0,0) }
FACE 10: { 6(0,0,-1), 2(0,0,-1), 8(0,0,-1), 9(1,0,-1), 10(0,0,0) }
FACE 11: { 7(0,-1,0), 3(0,-1,0), 9(1,0,-1), 10(0,0,0), 11(0,0,0) }
