FUNDAMENTAL CELL: (1.88094, 0.73345, 0.67975)
VERTEX 0: (0.0, 0.0, 0.0)
VERTEX 1: (0.94047, 0.0, 0.339875)
EDGE 0: 0(0,0,0) <-> 1(0,0,0)
EDGE 1: 1(0,0,0) <-> 0(0,0,1)
EDGE 2: 0(0,0,0) <-> 1(-1,0,-1)
EDGE 3: 1(0,0,0) <-> 0(1,0,0)
EDGE 4: 0(0,0,0) <-> 0(0,1,1)
EDGE 5: 1(0,0,0) <-> 1(0,-1,1)
FACE 0: { 1(0,0,-1), 2(1,0,0), 3(0,0,0), 0(0,0,0) }
FACE 1: { 4(0,0,0), 1(0,1,0), 5(0,1,0), 0(0,0,1), 1(0,0,0), 0(0,0,0) }
FACE 2: { 0(0,0,0), 3(-1,0,0), 2(0,0,1), 1(0,0,0) }
FACE 3: { 5(0,0,0), 0(0,-1,1), 4(0,-1,1), 1(0,0,1), 0(0,0,1), 1(0,0,0) }
FACE 4: { 4(0,-1,-1), 3(-1,-1,-1), 5(-1,0,-2), 2(0,0,-1), 3(-1,0,-1), 2(0,0,0) }
FACE 5: { 5(0,1,-1), 2(1,1,0), 4(1,0,-1), 3(0,0,-1), 2(1,0,0), 3(0,0,0) }
