FUNDAMENTAL CELL: (1.88442, 2.67001, 1.88444)
VERTEX 0: (0.0, 0.8350189274, 0.0)
VERTEX 1: (0.0, 1.8349910726, 0.0)
VERTEX 2: (0.94221, 2.1700239274, 0.0)
VERTEX 3: (0.94221, 0.49998607259999994, 0.0)
VERTEX 4: (0.0, 0.4999860726, 0.94222)
VERTEX 5: (0.0, 2.1700239274, 0.94222)
VERTEX 6: (0.94221, 1.8349910726, 0.94222)
VERTEX 7: (0.94221, 0.8350189274, 0.94222)
EDGE 0: 0(0,0,0) <-> 1(0,0,0)
EDGE 1: 2(0,0,0) <-> 3(0,1,0)
EDGE 2: 0(0,0,0) <-> 4(0,0,0)
EDGE 3: 1(0,0,0) <-> 5(0,0,0)
EDGE 4: 1(0,0,0) <-> 5(0,0,-1)
EDGE 5: 0(0,0,0) <-> 4(0,0,-1)
EDGE 6: 2(0,0,0) <-> 6(0,0,0)
EDGE 7: 3(0,0,0) <-> 7(0,0,0)
EDGE 8: 3(0,0,0) <-> 7(0,0,-1)
EDGE 9: 2(0,0,0) <-> 6(0,0,-1)
EDGE 10: 4(0,0,0) <-> 5(0,-1,0)
EDGE 11: 6(0,0,0) <-> 7(0,0,0)
EDGE 12: 4(0,0,0) <-> 7(0,0,0)
EDGE 13: 5(0,0,0) <-> 6(-1,0,0)
EDGE 14: 5(0,0,0) <-> 6(0,0,0)
EDGE 15: 4(0,0,0) <-> 7(-1,0,0)
FACE 0: { 1(0,-1,0), 6(0,-1,0), 14(0,-1,0), 10(0,0,0), 12(0,0,0), 7(0,0,0) }
FACE 1: { 1(0,-1,0), 6(0,-1,0), 9(0,-1,1), 1(0,-1,1), 8(0,0,1), 7(0,0,0) }
FACE 2: { 7(0,0,0), 12(0,0,0), 2(0,0,0), 5(0,0,0), 12(0,0,-1), 8(0,0,0) }
FACE 3: { 7(0,0,0), 11(0,0,0), 6(0,0,0), 9(0,0,0), 11(0,0,-1), 8(0,0,0) }
FACE 4: { 1(0,0,0), 7(0,1,0), 15(1,1,0), 10(1,1,0), 13(1,0,0), 6(0,0,0) }
FACE 5: { 1(0,0,0), 8(0,1,0), 12(0,1,-1), 10(0,1,-1), 14(0,0,-1), 9(0,0,0) }
FACE 6: { 1(0,-1,0), 9(0,-1,0), 13(1,-1,-1), 10(1,0,-1), 15(1,0,-1), 8(0,0,0) }
FACE 7: { 0(0,0,0), 2(0,0,0), 15(0,0,0), 11(-1,0,0), 13(0,0,0), 3(0,0,0) }
FACE 8: { 0(0,0,0), 3(0,0,0), 14(0,0,0), 11(0,0,0), 12(0,0,0), 2(0,0,0) }
FACE 9: { 0(0,0,0), 4(0,0,0), 13(0,0,-1), 11(-1,0,-1), 15(0,0,-1), 5(0,0,0) }
FACE 10: { 0(0,0,0), 5(0,0,0), 12(0,0,-1), 11(0,0,-1), 14(0,0,-1), 4(0,0,0) }
FACE 11: { 0(0,0,0), 2(0,0,0), 5(0,0,1), 0(0,0,1), 4(0,0,1), 3(0,0,0) }
FACE 12: { 6(0,0,0), 13(1,0,0), 3(1,0,0), 4(1,0,0), 13(1,0,-1), 9(0,0,0) }
FACE 13: { 9(0,0,0), 14(0,0,-1), 4(0,0,0), 3(0,0,0), 14(0,0,0), 6(0,0,0) }
FACE 14: { 8(0,0,0), 15(1,0,-1), 5(1,0,0), 2(1,0,0), 15(1,0,0), 7(0,0,0) }
FACE 15: { 3(0,0,0), 10(0,1,0), 2(0,1,0), 5(0,1,0), 10(0,1,-1), 4(0,0,0) }
