FUNDAMENTAL CELL: (3.30234, 3.30234, 1.87412)
VERTEX 0: (0.0, 0.0, 0.0)
VERTEX 1: (1.1007689922000001, 2.2015710078, 0.93706)
VERTEX 2: (2.2015710078, 1.1007689922000001, 0.93706)
VERTEX 3: (0.0, 2.3023584246, 0.0)
VERTEX 4: (2.3023584246, 0.0, 0.0)
VERTEX 5: (0.9999815754000001, 0.9999815754000001, 0.0)
VERTEX 6: (0.0, 1.9531689930000002, 0.93706)
VERTEX 7: (1.9531689930000002, 0.0, 0.93706)
VERTEX 8: (1.3491710069999998, 1.3491710069999998, 0.93706)
EDGE 0: 6(0,0,0) <-> 1(0,0,0)
EDGE 1: 7(0,0,0) <-> 1(0,-1,0)
EDGE 2: 8(0,0,0) <-> 1(0,0,0)
EDGE 3: 7(0,0,0) <-> 2(0,0,0)
EDGE 4: 8(0,0,0) <-> 2(0,0,0)
EDGE 5: 6(0,0,0) <-> 2(-1,0,0)
EDGE 6: 0(0,0,0) <-> 5(0,0,0)
EDGE 7: 0(0,0,0) <-> 3(0,-1,0)
EDGE 8: 0(0,0,0) <-> 4(-1,0,0)
EDGE 9: 3(0,0,0) <-> 6(0,0,0)
EDGE 10: 4(0,0,0) <-> 7(0,0,-1)
EDGE 11: 5(0,0,0) <-> 8(0,0,0)
EDGE 12: 3(0,0,0) <-> 6(0,0,-1)
EDGE 13: 4(0,0,0) <-> 7(0,0,0)
EDGE 14: 5(0,0,0) <-> 8(0,0,-1)
FACE 0: { 7(0,0,0), 9(0,-1,0), 5(0,-1,0), 4(-1,-1,0), 2(-1,-1,0), 1(-1,0,0), 13(-1,0,0), 8(0,0,0) }
FACE 1: { 7(0,0,0), 9(0,-1,0), 12(0,-1,1), 7(0,0,1), 8(0,0,1), 10(-1,0,1), 13(-1,0,0), 8(0,0,0) }
FACE 2: { 0(0,0,0), 12(0,0,1), 9(0,0,1), 0(0,0,1), 1(0,1,1), 13(0,1,1), 10(0,1,1), 1(0,1,0) }
FACE 3: { 8(0,0,0), 10(-1,0,0), 3(-1,0,-1), 5(0,0,-1), 0(0,0,-1), 2(0,0,-1), 14(0,0,0), 6(0,0,0) }
FACE 4: { 6(0,0,0), 11(0,0,0), 4(0,0,0), 3(0,0,0), 1(0,0,0), 0(0,-1,0), 9(0,-1,0), 7(0,0,0) }
FACE 5: { 7(0,0,0), 12(0,-1,0), 5(0,-1,-1), 4(-1,-1,-1), 2(-1,-1,-1), 1(-1,0,-1), 10(-1,0,0), 8(0,0,0) }
FACE 6: { 8(0,0,0), 13(-1,0,0), 3(-1,0,0), 5(0,0,0), 0(0,0,0), 2(0,0,0), 11(0,0,0), 6(0,0,0) }
FACE 7: { 6(0,0,0), 14(0,0,0), 4(0,0,-1), 3(0,0,-1), 1(0,0,-1), 0(0,-1,-1), 12(0,-1,0), 7(0,0,0) }
FACE 8: { 8(0,0,0), 10(-1,0,0), 13(-1,0,-1), 8(0,0,-1), 6(0,0,-1), 11(0,0,-1), 14(0,0,0), 6(0,0,0) }
FACE 9: { 6(0,0,0), 11(0,0,0), 14(0,0,1), 6(0,0,1), 7(0,0,1), 12(0,-1,1), 9(0,-1,0), 7(0,0,0) }
FACE 10: { 1(0,1,0), 13(0,1,0), 10(0,1,0), 1(0,1,-1), 2(0,0,-1), 14(0,0,0), 11(0,0,0), 2(0,0,0) }
FACE 11: { 2(0,0,0), 14(0,0,1), 11(0,0,1), 2(0,0,1), 0(0,0,1), 9(0,0,1), 12(0,0,1), 0(0,0,0) }
FACE 12: { 3(0,0,0), 10(0,0,1), 13(0,0,1), 3(0,0,1), 5(1,0,1), 9(1,0,1), 12(1,0,1), 5(1,0,0) }
FACE 13: { 4(0,0,0), 11(0,0,0), 14(0,0,0), 4(0,0,-1), 3(0,0,-1), 10(0,0,0), 13(0,0,0), 3(0,0,0) }
FACE 14: { 5(1,0,0), 12(1,0,1), 9(1,0,1), 5(1,0,1), 4(0,0,1), 11(0,0,1), 14(0,0,1), 4(0,0,0) }
