FUNDAMENTAL CELL: (2.41209, 2.41209, 2.41209)
VERTEX 0: (0.0, 0.0, 0.0)
VERTEX 1: (0.0, 0.6030225, 0.6030225)
VERTEX 2: (1.8090675, 0.6030225, 1.206045)
VERTEX 3: (1.8090675, 0.0, 1.8090675)
VERTEX 4: (1.206045, 1.8090675, 0.6030225)
VERTEX 5: (0.6030225, 1.8090675, 1.206045)
VERTEX 6: (0.6030225, 1.206045, 1.8090675)
VERTEX 7: (0.0, 1.206045, 1.206045)
VERTEX 8: (0.6030225, 0.6030225, 0.0)
VERTEX 9: (0.6030225, 0.0, 0.6030225)
VERTEX 10: (1.206045, 0.6030225, 1.8090675)
VERTEX 11: (0.0, 1.8090675, 1.8090675)
VERTEX 12: (1.8090675, 1.206045, 0.6030225)
VERTEX 13: (1.8090675, 1.8090675, 0.0)
VERTEX 14: (1.206045, 0.0, 1.206045)
VERTEX 15: (1.206045, 1.206045, 0.0)
VERTEX 16: (0.30151125, 0.30151125, 1.50755625)
VERTEX 17: (2.11057875, 0.90453375, 2.11057875)
VERTEX 18: (1.50755625, 0.30151125, 0.30151125)
VERTEX 19: (2.11057875, 2.11057875, 0.90453375)
VERTEX 20: (0.30151125, 1.50755625, 0.30151125)
VERTEX 21: (0.90453375, 0.90453375, 0.90453375)
VERTEX 22: (0.90453375, 2.11057875, 2.11057875)
VERTEX 23: (1.50755625, 1.50755625, 1.50755625)
EDGE 0: 0(0,0,0) <-> 16(0,0,-1)
EDGE 1: 1(0,0,0) <-> 17(-1,0,-1)
EDGE 2: 2(0,0,0) <-> 18(0,0,0)
EDGE 3: 3(0,0,0) <-> 19(0,-1,0)
EDGE 4: 1(0,0,0) <-> 16(0,0,0)
EDGE 5: 2(0,0,0) <-> 17(0,0,0)
EDGE 6: 3(0,0,0) <-> 18(0,0,1)
EDGE 7: 0(0,0,0) <-> 19(-1,-1,0)
EDGE 8: 0(0,0,0) <-> 18(-1,0,0)
EDGE 9: 1(0,0,0) <-> 19(-1,-1,0)
EDGE 10: 2(0,0,0) <-> 16(1,0,0)
EDGE 11: 3(0,0,0) <-> 17(0,0,0)
EDGE 12: 1(0,0,0) <-> 18(-1,0,0)
EDGE 13: 2(0,0,0) <-> 19(0,-1,0)
EDGE 14: 3(0,0,0) <-> 16(1,0,0)
EDGE 15: 0(0,0,0) <-> 17(-1,0,-1)
EDGE 16: 0(0,0,0) <-> 20(0,-1,0)
EDGE 17: 4(0,0,0) <-> 18(0,1,0)
EDGE 18: 5(0,0,0) <-> 19(-1,0,0)
EDGE 19: 6(0,0,0) <-> 16(0,0,0)
EDGE 20: 7(0,0,0) <-> 21(0,0,0)
EDGE 21: 8(0,0,0) <-> 20(0,0,0)
EDGE 22: 9(0,0,0) <-> 19(-1,-1,0)
EDGE 23: 10(0,0,0) <-> 17(0,0,0)
EDGE 24: 11(0,0,0) <-> 20(0,0,1)
EDGE 25: 5(0,0,0) <-> 22(0,0,0)
EDGE 26: 9(0,0,0) <-> 16(0,0,0)
EDGE 27: 11(0,0,0) <-> 19(-1,0,0)
EDGE 28: 5(0,0,0) <-> 20(0,0,0)
EDGE 29: 9(0,0,0) <-> 22(0,-1,-1)
EDGE 30: 0(0,0,0) <-> 22(0,-1,-1)
EDGE 31: 11(0,0,0) <-> 16(0,1,0)
EDGE 32: 9(0,0,0) <-> 20(0,-1,0)
EDGE 33: 11(0,0,0) <-> 22(0,0,0)
EDGE 34: 5(0,0,0) <-> 16(0,1,0)
EDGE 35: 10(0,0,0) <-> 22(0,-1,0)
EDGE 36: 12(0,0,0) <-> 19(0,0,0)
EDGE 37: 7(0,0,0) <-> 23(-1,0,0)
EDGE 38: 13(0,0,0) <-> 17(0,0,-1)
EDGE 39: 4(0,0,0) <-> 20(0,0,0)
EDGE 40: 7(0,0,0) <-> 20(0,0,0)
EDGE 41: 13(0,0,0) <-> 23(0,0,-1)
EDGE 42: 12(0,0,0) <-> 17(0,0,-1)
EDGE 43: 13(0,0,0) <-> 19(0,0,0)
EDGE 44: 12(0,0,0) <-> 23(0,0,0)
EDGE 45: 7(0,0,0) <-> 17(-1,0,0)
EDGE 46: 11(0,0,0) <-> 17(-1,0,0)
EDGE 47: 13(0,0,0) <-> 20(1,0,0)
EDGE 48: 11(0,0,0) <-> 23(-1,0,0)
EDGE 49: 12(0,0,0) <-> 20(1,0,0)
EDGE 50: 7(0,0,0) <-> 19(-1,0,0)
EDGE 51: 7(0,0,0) <-> 16(0,0,0)
EDGE 52: 10(0,0,0) <-> 23(0,0,0)
EDGE 53: 8(0,0,0) <-> 17(-1,0,-1)
EDGE 54: 6(0,0,0) <-> 17(-1,0,0)
EDGE 55: 4(0,0,0) <-> 19(0,0,0)
EDGE 56: 8(0,0,0) <-> 21(0,0,0)
EDGE 57: 6(0,0,0) <-> 20(0,0,1)
EDGE 58: 8(0,0,0) <-> 16(0,0,-1)
EDGE 59: 6(0,0,0) <-> 21(0,0,0)
EDGE 60: 1(0,0,0) <-> 20(0,0,0)
EDGE 61: 1(0,0,0) <-> 21(0,0,0)
EDGE 62: 4(0,0,0) <-> 21(0,0,0)
EDGE 63: 10(0,0,0) <-> 16(0,0,0)
EDGE 64: 14(0,0,0) <-> 18(0,0,0)
EDGE 65: 10(0,0,0) <-> 21(0,0,0)
EDGE 66: 10(0,0,0) <-> 18(0,0,1)
EDGE 67: 14(0,0,0) <-> 22(0,-1,0)
EDGE 68: 14(0,0,0) <-> 16(0,0,0)
EDGE 69: 8(0,0,0) <-> 18(0,0,0)
EDGE 70: 9(0,0,0) <-> 21(0,0,0)
EDGE 71: 8(0,0,0) <-> 22(0,-1,-1)
EDGE 72: 9(0,0,0) <-> 18(0,0,0)
EDGE 73: 14(0,0,0) <-> 21(0,0,0)
EDGE 74: 14(0,0,0) <-> 23(0,-1,0)
EDGE 75: 13(0,0,0) <-> 22(0,0,-1)
EDGE 76: 12(0,0,0) <-> 18(0,0,0)
EDGE 77: 15(0,0,0) <-> 17(0,0,-1)
EDGE 78: 2(0,0,0) <-> 23(0,0,0)
EDGE 79: 3(0,0,0) <-> 22(0,-1,0)
EDGE 80: 4(0,0,0) <-> 23(0,0,0)
EDGE 81: 4(0,0,0) <-> 22(0,0,-1)
EDGE 82: 14(0,0,0) <-> 19(0,-1,0)
EDGE 83: 3(0,0,0) <-> 23(0,-1,0)
EDGE 84: 13(0,0,0) <-> 18(0,1,0)
EDGE 85: 6(0,0,0) <-> 22(0,0,0)
EDGE 86: 15(0,0,0) <-> 20(0,0,0)
EDGE 87: 5(0,0,0) <-> 21(0,0,0)
EDGE 88: 15(0,0,0) <-> 23(0,0,-1)
EDGE 89: 15(0,0,0) <-> 21(0,0,0)
EDGE 90: 5(0,0,0) <-> 23(0,0,0)
EDGE 91: 6(0,0,0) <-> 23(0,0,0)
EDGE 92: 15(0,0,0) <-> 22(0,0,-1)
EDGE 93: 15(0,0,0) <-> 18(0,0,0)
EDGE 94: 2(0,0,0) <-> 21(0,0,0)
EDGE 95: 12(0,0,0) <-> 21(0,0,0)
FACE 0: { 86(0,0,0), 39(0,0,0), 62(0,0,0), 89(0,0,0) }
FACE 1: { 62(0,0,0), 87(0,0,0), 90(0,0,0), 80(0,0,0) }
FACE 2: { 90(0,0,0), 91(0,0,0), 85(0,0,0), 25(0,0,0) }
FACE 3: { 85(0,0,0), 92(0,0,1), 86(0,0,1), 57(0,0,0) }
FACE 4: { 39(0,0,0), 86(0,0,0), 92(0,0,0), 81(0,0,0) }
FACE 5: { 87(0,0,0), 62(0,0,0), 39(0,0,0), 28(0,0,0) }
FACE 6: { 91(0,0,0), 90(0,0,0), 87(0,0,0), 59(0,0,0) }
FACE 7: { 92(0,0,0), 85(0,0,-1), 91(0,0,-1), 88(0,0,0) }
FACE 8: { 51(0,0,0), 19(0,0,0), 59(0,0,0), 20(0,0,0) }
FACE 9: { 23(0,0,0), 77(0,0,1), 88(0,0,1), 52(0,0,0) }
FACE 10: { 84(0,0,0), 17(0,0,0), 81(0,0,0), 75(0,0,0) }
FACE 11: { 22(0,0,0), 18(0,-1,0), 28(0,-1,0), 32(0,0,0) }
FACE 12: { 31(0,0,0), 34(0,0,0), 25(0,0,0), 33(0,0,0) }
FACE 13: { 53(0,0,0), 54(0,0,-1), 57(0,0,-1), 21(0,0,0) }
FACE 14: { 76(0,0,0), 93(0,0,0), 89(0,0,0), 95(0,0,0) }
FACE 15: { 82(0,0,0), 55(0,-1,0), 80(0,-1,0), 74(0,0,0) }
FACE 16: { 64(0,0,0), 2(0,0,0), 94(0,0,0), 73(0,0,0) }
FACE 17: { 24(0,0,0), 57(0,0,0), 54(0,0,0), 46(0,0,0) }
FACE 18: { 56(0,0,0), 89(0,0,0), 93(0,0,0), 69(0,0,0) }
FACE 19: { 44(0,0,0), 80(0,0,0), 55(0,0,0), 36(0,0,0) }
FACE 20: { 7(0,0,0), 43(-1,-1,0), 84(-1,-1,0), 8(0,0,0) }
FACE 21: { 2(0,0,0), 64(0,0,0), 82(0,0,0), 13(0,0,0) }
FACE 22: { 59(0,0,0), 65(0,0,0), 52(0,0,0), 91(0,0,0) }
FACE 23: { 81(0,0,0), 29(0,1,0), 32(0,1,0), 39(0,0,0) }
FACE 24: { 52(0,0,0), 78(0,0,0), 94(0,0,0), 65(0,0,0) }
FACE 25: { 94(0,0,0), 95(0,0,0), 76(0,0,0), 2(0,0,0) }
FACE 26: { 76(0,0,0), 93(0,0,0), 77(0,0,0), 42(0,0,0) }
FACE 27: { 23(0,0,0), 77(0,0,1), 93(0,0,1), 66(0,0,0) }
FACE 28: { 78(0,0,0), 52(0,0,0), 23(0,0,0), 5(0,0,0) }
FACE 29: { 95(0,0,0), 94(0,0,0), 78(0,0,0), 44(0,0,0) }
FACE 30: { 50(0,0,0), 36(-1,0,0), 44(-1,0,0), 37(0,0,0) }
FACE 31: { 71(0,0,0), 35(0,0,-1), 66(0,0,-1), 69(0,0,0) }
FACE 32: { 14(0,0,0), 10(0,0,0), 5(0,0,0), 11(0,0,0) }
FACE 33: { 9(0,0,0), 13(-1,0,0), 2(-1,0,0), 12(0,0,0) }
FACE 34: { 47(0,0,0), 49(0,0,0), 42(0,0,0), 38(0,0,0) }
FACE 35: { 68(0,0,0), 63(0,0,0), 65(0,0,0), 73(0,0,0) }
FACE 36: { 67(0,0,0), 25(0,-1,0), 90(0,-1,0), 74(0,0,0) }
FACE 37: { 1(0,0,0), 42(-1,0,0), 49(-1,0,0), 60(0,0,0) }
FACE 38: { 41(0,0,0), 88(0,0,0), 92(0,0,0), 75(0,0,0) }
FACE 39: { 59(0,0,0), 65(0,0,0), 63(0,0,0), 19(0,0,0) }
FACE 40: { 0(0,0,0), 58(0,0,0), 71(0,0,0), 30(0,0,0) }
FACE 41: { 25(0,0,0), 67(0,1,0), 68(0,1,0), 34(0,0,0) }
FACE 42: { 44(0,0,0), 80(0,0,0), 62(0,0,0), 95(0,0,0) }
FACE 43: { 66(0,0,0), 6(0,0,0), 11(0,0,0), 23(0,0,0) }
FACE 44: { 68(0,0,0), 63(0,0,0), 35(0,0,0), 67(0,0,0) }
FACE 45: { 69(0,0,0), 72(0,0,0), 70(0,0,0), 56(0,0,0) }
FACE 46: { 70(0,0,0), 73(0,0,0), 68(0,0,0), 26(0,0,0) }
FACE 47: { 71(0,0,0), 35(0,0,-1), 63(0,0,-1), 58(0,0,0) }
FACE 48: { 72(0,0,0), 69(0,0,0), 71(0,0,0), 29(0,0,0) }
FACE 49: { 73(0,0,0), 70(0,0,0), 72(0,0,0), 64(0,0,0) }
FACE 50: { 16(0,0,0), 32(0,0,0), 29(0,0,0), 30(0,0,0) }
FACE 51: { 55(0,0,0), 82(0,1,0), 64(0,1,0), 17(0,0,0) }
FACE 52: { 54(0,0,0), 53(0,0,1), 58(0,0,1), 19(0,0,0) }
FACE 53: { 60(0,0,0), 21(0,0,0), 56(0,0,0), 61(0,0,0) }
FACE 54: { 18(0,0,0), 22(0,1,0), 26(0,1,0), 34(0,0,0) }
FACE 55: { 83(0,0,0), 74(0,0,0), 67(0,0,0), 79(0,0,0) }
FACE 56: { 4(0,0,0), 26(0,0,0), 22(0,0,0), 9(0,0,0) }
FACE 57: { 45(0,0,0), 5(-1,0,0), 78(-1,0,0), 37(0,0,0) }
FACE 58: { 41(0,0,0), 88(0,0,0), 77(0,0,0), 38(0,0,0) }
FACE 59: { 29(0,0,0), 81(0,-1,0), 17(0,-1,0), 72(0,0,0) }
FACE 60: { 75(0,0,0), 79(0,1,-1), 83(0,1,-1), 41(0,0,0) }
FACE 61: { 83(0,0,0), 74(0,0,0), 82(0,0,0), 3(0,0,0) }
FACE 62: { 84(0,0,0), 17(0,0,0), 55(0,0,0), 43(0,0,0) }
FACE 63: { 79(0,0,0), 75(0,-1,1), 84(0,-1,1), 6(0,0,0) }
FACE 64: { 15(0,0,0), 11(-1,0,-1), 6(-1,0,-1), 8(0,0,0) }
FACE 65: { 49(0,0,0), 47(0,0,0), 43(0,0,0), 36(0,0,0) }
FACE 66: { 46(0,0,0), 38(-1,0,1), 41(-1,0,1), 48(0,0,0) }
FACE 67: { 10(0,0,0), 14(0,0,0), 3(0,0,0), 13(0,0,0) }
FACE 68: { 27(0,0,0), 3(-1,1,0), 14(-1,1,0), 31(0,0,0) }
FACE 69: { 40(0,0,0), 28(0,0,0), 87(0,0,0), 20(0,0,0) }
FACE 70: { 56(0,0,0), 89(0,0,0), 86(0,0,0), 21(0,0,0) }
FACE 71: { 6(0,0,0), 66(0,0,0), 35(0,0,0), 79(0,0,0) }
FACE 72: { 37(0,0,0), 48(0,0,0), 46(0,0,0), 45(0,0,0) }
FACE 73: { 46(0,0,0), 38(-1,0,1), 47(-1,0,1), 24(0,0,0) }
FACE 74: { 48(0,0,0), 37(0,0,0), 50(0,0,0), 27(0,0,0) }
FACE 75: { 50(0,0,0), 36(-1,0,0), 49(-1,0,0), 40(0,0,0) }
FACE 76: { 61(0,0,0), 20(0,0,0), 40(0,0,0), 60(0,0,0) }
FACE 77: { 34(0,0,0), 31(0,0,0), 27(0,0,0), 18(0,0,0) }
FACE 78: { 19(0,0,0), 51(0,0,0), 45(0,0,0), 54(0,0,0) }
FACE 79: { 30(0,0,0), 33(0,-1,-1), 24(0,-1,-1), 16(0,0,0) }
FACE 80: { 0(0,0,0), 58(0,0,0), 53(0,0,0), 15(0,0,0) }
FACE 81: { 5(0,0,0), 45(1,0,0), 51(1,0,0), 10(0,0,0) }
FACE 82: { 57(0,0,0), 24(0,0,0), 33(0,0,0), 85(0,0,0) }
FACE 83: { 27(0,0,0), 3(-1,1,0), 83(-1,1,0), 48(0,0,0) }
FACE 84: { 60(0,0,0), 21(0,0,0), 53(0,0,0), 1(0,0,0) }
FACE 85: { 61(0,0,0), 20(0,0,0), 51(0,0,0), 4(0,0,0) }
FACE 86: { 13(0,0,0), 9(1,0,0), 4(1,0,0), 10(0,0,0) }
FACE 87: { 8(0,0,0), 12(0,0,0), 1(0,0,0), 15(0,0,0) }
FACE 88: { 7(0,0,0), 43(-1,-1,0), 47(-1,-1,0), 16(0,0,0) }
FACE 89: { 28(0,0,0), 40(0,0,0), 50(0,0,0), 18(0,0,0) }
FACE 90: { 42(0,0,0), 1(1,0,0), 12(1,0,0), 76(0,0,0) }
FACE 91: { 4(0,0,0), 26(0,0,0), 70(0,0,0), 61(0,0,0) }
FACE 92: { 8(0,0,0), 12(0,0,0), 9(0,0,0), 7(0,0,0) }
FACE 93: { 15(0,0,0), 11(-1,0,-1), 14(-1,0,-1), 0(0,0,0) }
FACE 94: { 33(0,0,0), 30(0,1,1), 0(0,1,1), 31(0,0,0) }
FACE 95: { 32(0,0,0), 16(0,0,0), 7(0,0,0), 22(0,0,0) }
