FUNDAMENTAL CELL: (1.0, 1.0, 1.0)
VERTEX 0: (0.0, 0.0, 0.0)
VERTEX 1: (0.5, 0.0, 0.5)
VERTEX 2: (0.5, 0.5, 0.0)
VERTEX 3: (0.0, 0.5, 0.5)
EDGE 0: 0(0,0,0) <-> 2(0,0,0)
EDGE 1: 1(0,0,0) <-> 3(0,-1,0)
EDGE 2: 2(0,0,0) <-> 0(1,0,0)
EDGE 3: 3(0,0,0) <-> 1(-1,1,0)
EDGE 4: 0(0,0,0) <-> 3(0,0,0)
EDGE 5: 1(0,0,0) <-> 2(0,-1,1)
EDGE 6: 2(0,0,0) <-> 1(0,0,-1)
EDGE 7: 3(0,0,0) <-> 0(0,1,0)
EDGE 8: 0(0,0,0) <-> 1(0,0,0)
EDGE 9: 2(0,0,0) <-> 3(1,0,-1)
EDGE 10: 3(0,0,0) <-> 2(-1,0,0)
EDGE 11: 1(0,0,0) <-> 0(0,0,1)
EDGE 12: 0(0,0,0) <-> 2(-1,-1,0)
EDGE 13: 1(0,0,0) <-> 3(1,0,0)
EDGE 14: 2(0,0,0) <-> 0(0,1,0)
EDGE 15: 3(0,0,0) <-> 1(0,0,0)
EDGE 16: 0(0,0,0) <-> 3(0,-1,-1)
EDGE 17: 1(0,0,0) <-> 2(0,0,0)
EDGE 18: 2(0,0,0) <-> 1(0,1,0)
EDGE 19: 3(0,0,0) <-> 0(0,0,1)
EDGE 20: 0(0,0,0) <-> 1(-1,0,-1)
EDGE 21: 2(0,0,0) <-> 3(0,0,0)
EDGE 22: 3(0,0,0) <-> 2(0,0,1)
EDGE 23: 1(0,0,0) <-> 0(1,0,0)
FACE 0: { 4(0,0,0), 15(0,0,0), 8(0,0,0) }
FACE 1: { 5(0,0,0), 14(0,-1,1), 11(0,0,0) }
FACE 2: { 6(0,0,0), 13(0,0,-1), 9(0,0,0) }
FACE 3: { 7(0,0,0), 12(0,1,0), 10(0,0,0) }
FACE 4: { 8(0,0,0), 17(0,0,0), 0(0,0,0) }
FACE 5: { 11(0,0,0), 16(0,0,1), 1(0,0,0) }
FACE 6: { 9(0,0,0), 19(1,0,-1), 2(0,0,0) }
FACE 7: { 10(0,0,0), 18(-1,0,0), 3(0,0,0) }
FACE 8: { 0(0,0,0), 21(0,0,0), 4(0,0,0) }
FACE 9: { 2(0,0,0), 20(1,0,0), 6(0,0,0) }
FACE 10: { 3(0,0,0), 23(-1,1,0), 7(0,0,0) }
FACE 11: { 1(0,0,0), 22(0,-1,0), 5(0,0,0) }
FACE 12: { 16(0,0,0), 3(0,-1,-1), 20(0,0,0) }
FACE 13: { 17(0,0,0), 2(0,0,0), 23(0,0,0) }
FACE 14: { 18(0,0,0), 1(0,1,0), 21(0,0,0) }
FACE 15: { 19(0,0,0), 0(0,0,1), 22(0,0,0) }
FACE 16: { 20(0,0,0), 5(-1,0,-1), 12(0,0,0) }
FACE 17: { 23(0,0,0), 4(1,0,0), 13(0,0,0) }
FACE 18: { 21(0,0,0), 7(0,0,0), 14(0,0,0) }
FACE 19: { 22(0,0,0), 6(0,0,1), 15(0,0,0) }
FACE 20: { 12(0,0,0), 9(-1,-1,0), 16(0,0,0) }
FACE 21: { 14(0,0,0), 8(0,1,0), 18(0,0,0) }
FACE 22: { 15(0,0,0), 11(0,0,0), 19(0,0,0) }
FACE 23: { 13(0,0,0), 10(1,0,0), 17(0,0,0) }
