FUNDAMENTAL CELL: (1.0, 4.1579, 1.59023)
VERTEX 0: (0.0, 1.472478706, 0.0)
VERTEX 1: (0.0, 2.6854212939999997, 0.0)
VERTEX 2: (0.5, 3.551428706, 0.0)
VERTEX 3: (0.5, 0.6064712939999999, 0.0)
VERTEX 4: (0.0, 2.07895, 0.795115)
VERTEX 5: (0.5, 0.0, 0.795115)
EDGE 0: 0(0,0,0) <-> 4(0,0,0)
EDGE 1: 1(0,0,0) <-> 4(0,0,0)
EDGE 2: 1(0,0,0) <-> 4(0,0,-1)
EDGE 3: 0(0,0,0) <-> 4(0,0,-1)
EDGE 4: 2(0,0,0) <-> 5(0,1,0)
EDGE 5: 3(0,0,0) <-> 5(0,0,0)
EDGE 6: 3(0,0,0) <-> 5(0,0,-1)
EDGE 7: 2(0,0,0) <-> 5(0,1,-1)
EDGE 8: 0(0,0,0) <-> 3(0,0,0)
EDGE 9: 1(0,0,0) <-> 2(-1,0,0)
EDGE 10: 1(0,0,0) <-> 2(0,0,0)
EDGE 11: 0(0,0,0) <-> 3(-1,0,0)
EDGE 12: 4(0,0,0) <-> 4(1,0,0)
EDGE 13: 5(0,0,0) <-> 5(1,0,0)
FACE 0: { 3(0,0,0), 2(0,0,0), 1(0,0,0), 0(0,0,0) }
FACE 1: { 0(0,0,0), 12(0,0,0), 0(1,0,0), 11(1,0,0), 8(0,0,0) }
FACE 2: { 0(0,0,0), 3(0,0,1), 8(0,0,1), 6(0,0,1), 5(0,0,0), 8(0,0,0) }
FACE 3: { 7(0,0,0), 6(0,1,0), 5(0,1,0), 4(0,0,0) }
FACE 4: { 1(0,0,0), 12(-1,0,0), 1(-1,0,0), 10(-1,0,0), 9(0,0,0) }
FACE 5: { 2(0,0,0), 12(0,0,-1), 2(1,0,0), 9(1,0,0), 10(0,0,0) }
FACE 6: { 3(0,0,0), 12(-1,0,-1), 3(-1,0,0), 8(-1,0,0), 11(0,0,0) }
FACE 7: { 4(0,0,0), 13(0,1,0), 4(1,0,0), 10(1,0,0), 9(1,0,0) }
FACE 8: { 5(0,0,0), 13(-1,0,0), 5(-1,0,0), 11(0,0,0), 8(0,0,0) }
FACE 9: { 6(0,0,0), 13(0,0,-1), 6(1,0,0), 8(1,0,0), 11(1,0,0) }
FACE 10: { 7(0,0,0), 13(-1,1,-1), 7(-1,0,0), 9(0,0,0), 10(0,0,0) }
FACE 11: { 1(0,0,0), 2(0,0,1), 9(0,0,1), 7(-1,0,1), 4(-1,0,0), 9(0,0,0) }
FACE 12: { 2(0,0,0), 1(0,0,-1), 10(0,0,-1), 4(0,0,-1), 7(0,0,0), 10(0,0,0) }
FACE 13: { 3(0,0,0), 0(0,0,-1), 11(0,0,-1), 5(-1,0,-1), 6(-1,0,0), 11(0,0,0) }
