FUNDAMENTAL CELL: (2.44949, 2.44949, 2.44949)
VERTEX 0: (0.40825649830000005, 0.40825649830000005, 0.40825649830000005)
VERTEX 1: (0.8164885017, 2.0412335017, 1.6330014982999999)
VERTEX 2: (1.6330014982999999, 0.8164885017, 2.0412335017)
VERTEX 3: (2.0412335017, 1.6330014982999999, 0.8164885017)
VERTEX 4: (2.0412335017, 2.0412335017, 2.0412335017)
VERTEX 5: (1.6330014982999999, 0.40825649830000005, 0.8164885017)
VERTEX 6: (0.8164885017, 1.6330014982999999, 0.40825649830000005)
VERTEX 7: (0.40825649830000005, 0.8164885017, 1.6330014982999999)
VERTEX 8: (0.0, 0.0, 1.224745)
VERTEX 9: (1.224745, 0.0, 0.0)
VERTEX 10: (1.224745, 1.224745, 1.224745)
VERTEX 11: (0.0, 1.224745, 0.0)
EDGE 0: 8(0,0,0) <-> 0(0,0,0)
EDGE 1: 9(0,0,0) <-> 1(0,-1,-1)
EDGE 2: 10(0,0,0) <-> 2(0,0,0)
EDGE 3: 11(0,0,0) <-> 3(-1,0,0)
EDGE 4: 9(0,0,0) <-> 0(0,0,0)
EDGE 5: 8(0,0,0) <-> 1(0,-1,0)
EDGE 6: 11(0,0,0) <-> 2(-1,0,-1)
EDGE 7: 10(0,0,0) <-> 3(0,0,0)
EDGE 8: 11(0,0,0) <-> 0(0,0,0)
EDGE 9: 9(0,0,0) <-> 2(0,0,-1)
EDGE 10: 8(0,0,0) <-> 3(-1,-1,0)
EDGE 11: 10(0,0,0) <-> 1(0,0,0)
EDGE 12: 8(0,0,0) <-> 4(-1,-1,0)
EDGE 13: 9(0,0,0) <-> 5(0,0,0)
EDGE 14: 10(0,0,0) <-> 6(0,0,0)
EDGE 15: 11(0,0,0) <-> 7(0,0,-1)
EDGE 16: 9(0,0,0) <-> 4(0,-1,-1)
EDGE 17: 8(0,0,0) <-> 5(-1,0,0)
EDGE 18: 11(0,0,0) <-> 6(0,0,0)
EDGE 19: 10(0,0,0) <-> 7(0,0,0)
EDGE 20: 11(0,0,0) <-> 4(-1,0,-1)
EDGE 21: 9(0,0,0) <-> 6(0,-1,0)
EDGE 22: 8(0,0,0) <-> 7(0,0,0)
EDGE 23: 10(0,0,0) <-> 5(0,0,0)
FACE 0: { 23(0,0,0), 14(0,0,0), 18(0,0,0), 8(0,0,0), 4(0,0,0), 13(0,0,0) }
FACE 1: { 20(1,0,1), 15(1,0,1), 19(1,0,0), 11(1,0,0), 5(1,1,0), 12(1,1,0) }
FACE 2: { 22(0,0,0), 12(0,0,0), 16(-1,0,1), 9(-1,0,1), 6(0,0,1), 15(0,0,1) }
FACE 3: { 21(0,1,0), 13(0,1,0), 17(1,1,0), 10(1,1,0), 7(0,0,0), 14(0,0,0) }
FACE 4: { 14(0,0,0), 19(0,0,0), 22(0,0,0), 0(0,0,0), 8(0,0,0), 18(0,0,0) }
FACE 5: { 15(0,0,1), 18(0,0,1), 21(0,1,1), 1(0,1,1), 11(0,0,0), 19(0,0,0) }
FACE 6: { 12(1,1,0), 17(1,1,0), 23(0,1,0), 2(0,1,0), 9(0,1,1), 16(0,1,1) }
FACE 7: { 13(0,0,0), 16(0,0,0), 20(1,-1,0), 3(1,-1,0), 10(1,0,0), 17(1,0,0) }
FACE 8: { 19(0,0,0), 23(0,0,0), 13(0,0,0), 4(0,0,0), 0(0,0,0), 22(0,0,0) }
FACE 9: { 17(1,0,0), 22(1,0,0), 15(1,0,1), 6(1,0,1), 2(0,0,0), 23(0,0,0) }
FACE 10: { 16(0,1,1), 21(0,1,1), 14(0,0,1), 7(0,0,1), 3(1,0,1), 20(1,0,1) }
FACE 11: { 18(0,0,0), 20(0,0,0), 12(0,1,-1), 5(0,1,-1), 1(0,1,0), 21(0,1,0) }
FACE 12: { 11(0,0,0), 2(0,0,0), 6(1,0,1), 20(1,0,1), 16(0,1,1), 1(0,1,1) }
FACE 13: { 8(0,0,0), 3(0,0,0), 7(-1,0,0), 23(-1,0,0), 17(0,0,0), 0(0,0,0) }
FACE 14: { 10(1,1,0), 0(1,1,0), 4(1,1,0), 21(1,1,0), 18(1,0,0), 3(1,0,0) }
FACE 15: { 9(0,0,1), 1(0,0,1), 5(0,0,0), 22(0,0,0), 19(0,0,0), 2(0,0,0) }
FACE 16: { 2(0,0,0), 7(0,0,0), 10(1,1,0), 12(1,1,0), 20(1,0,1), 6(1,0,1) }
FACE 17: { 3(1,0,0), 6(1,0,0), 9(0,0,0), 13(0,0,0), 23(0,0,0), 7(0,0,0) }
FACE 18: { 0(0,0,0), 5(0,0,0), 11(0,-1,0), 14(0,-1,0), 21(0,0,0), 4(0,0,0) }
FACE 19: { 1(0,1,1), 4(0,1,1), 8(0,1,1), 15(0,1,1), 22(0,1,0), 5(0,1,0) }
FACE 20: { 7(0,0,0), 11(0,0,0), 1(0,1,1), 16(0,1,1), 12(1,1,0), 10(1,1,0) }
FACE 21: { 5(0,1,0), 10(0,1,0), 3(0,0,0), 18(0,0,0), 14(0,0,0), 11(0,0,0) }
FACE 22: { 4(0,0,0), 9(0,0,0), 2(0,0,-1), 19(0,0,-1), 15(0,0,0), 8(0,0,0) }
FACE 23: { 6(1,0,1), 8(1,0,1), 0(1,0,1), 17(1,0,1), 13(0,0,1), 9(0,0,1) }
