FUNDAMENTAL CELL: (1.0, 1.0, 2.59808)
VERTEX 0: (0.0, 0.5, 0.43302199360000004)
VERTEX 1: (0.5, 0.0, 1.2990486602666667)
VERTEX 2: (0.5, 0.5, 2.165075326933333)
EDGE 0: 0(0,0,0) <-> 0(0,1,0)
EDGE 1: 1(0,0,0) <-> 1(-1,0,0)
EDGE 2: 2(0,0,0) <-> 2(-1,-1,0)
EDGE 3: 0(0,0,0) <-> 2(0,0,-1)
EDGE 4: 1(0,0,0) <-> 0(1,0,0)
EDGE 5: 2(0,0,0) <-> 1(0,1,0)
EDGE 6: 0(0,0,0) <-> 2(-1,0,-1)
EDGE 7: 1(0,0,0) <-> 0(0,-1,0)
EDGE 8: 2(0,0,0) <-> 1(0,0,0)
FACE 0: { 1(1,0,0), 7(1,0,0), 0(1,-1,0), 4(0,0,0) }
FACE 1: { 4(0,0,0), 0(1,-1,0), 6(1,-1,0), 3(0,-1,0), 7(0,0,0) }
FACE 2: { 2(1,1,0), 8(1,1,0), 1(1,1,0), 5(0,0,0) }
FACE 3: { 0(0,0,0), 3(0,1,0), 2(0,1,-1), 6(0,0,0) }
FACE 4: { 5(0,0,0), 1(1,1,0), 7(1,1,0), 4(0,0,0), 8(0,0,0) }
FACE 5: { 6(0,0,0), 2(0,1,-1), 8(0,1,-1), 5(0,0,-1), 3(0,0,0) }
FACE 6: { 7(0,0,0), 0(0,-1,0), 3(0,0,0), 6(1,0,0), 4(0,0,0) }
FACE 7: { 8(0,0,0), 1(0,0,0), 4(-1,0,0), 7(0,1,0), 5(0,0,0) }
FACE 8: { 3(0,0,0), 2(0,0,-1), 5(-1,-1,-1), 8(-1,0,-1), 6(0,0,0) }
