FUNDAMENTAL CELL: (2.57794, 2.57794, 1.0)
VERTEX 0: (0.0, 0.0, 0.0)
VERTEX 1: (1.28897, 1.28897, 0.0)
VERTEX 2: (0.935405529, 0.353564471, 0.0)
VERTEX 3: (2.224375529, 0.935405529, 0.0)
VERTEX 4: (1.6425344709999998, 2.224375529, 0.0)
VERTEX 5: (0.353564471, 1.6425344709999998, 0.0)
EDGE 0: 0(0,0,0) <-> 5(0,-1,0)
EDGE 1: 0(0,0,0) <-> 2(0,0,0)
EDGE 2: 0(0,0,0) <-> 3(-1,0,0)
EDGE 3: 0(0,0,0) <-> 4(-1,-1,0)
EDGE 4: 1(0,0,0) <-> 4(0,0,0)
EDGE 5: 1(0,0,0) <-> 5(0,0,0)
EDGE 6: 1(0,0,0) <-> 2(0,0,0)
EDGE 7: 1(0,0,0) <-> 3(0,0,0)
EDGE 8: 2(0,0,0) <-> 2(0,0,1)
EDGE 9: 3(0,0,0) <-> 3(0,0,1)
EDGE 10: 4(0,0,0) <-> 4(0,0,1)
EDGE 11: 5(0,0,0) <-> 5(0,0,1)
EDGE 12: 2(0,0,0) <-> 4(0,-1,0)
EDGE 13: 3(0,0,0) <-> 5(1,0,0)
FACE 0: { 8(0,0,0), 12(0,0,1), 10(0,-1,0), 12(0,0,0) }
FACE 1: { 1(0,0,0), 6(0,0,0), 5(0,0,0), 13(-1,0,0), 2(0,0,0) }
FACE 2: { 1(0,0,0), 8(0,0,0), 1(0,0,1), 2(0,0,1), 9(-1,0,0), 2(0,0,0) }
FACE 3: { 9(0,0,0), 13(0,0,1), 11(1,0,0), 13(0,0,0) }
FACE 4: { 2(0,0,0), 7(-1,0,0), 6(-1,0,0), 12(-1,0,0), 3(0,0,0) }
FACE 5: { 3(0,0,0), 4(-1,-1,0), 7(-1,-1,0), 13(-1,-1,0), 0(0,0,0) }
FACE 6: { 0(0,0,0), 5(0,-1,0), 4(0,-1,0), 12(0,0,0), 1(0,0,0) }
FACE 7: { 2(0,0,0), 9(-1,0,0), 2(0,0,1), 3(0,0,1), 10(-1,-1,0), 3(0,0,0) }
FACE 8: { 3(0,0,0), 10(-1,-1,0), 3(0,0,1), 0(0,0,1), 11(0,-1,0), 0(0,0,0) }
FACE 9: { 0(0,0,0), 11(0,-1,0), 0(0,0,1), 1(0,0,1), 8(0,0,0), 1(0,0,0) }
FACE 10: { 7(0,0,0), 9(0,0,-1), 7(0,0,-1), 6(0,0,-1), 8(0,0,-1), 6(0,0,0) }
FACE 11: { 4(0,0,0), 10(0,0,-1), 4(0,0,-1), 7(0,0,-1), 9(0,0,-1), 7(0,0,0) }
FACE 12: { 5(0,0,0), 11(0,0,-1), 5(0,0,-1), 4(0,0,-1), 10(0,0,-1), 4(0,0,0) }
FACE 13: { 6(0,0,0), 8(0,0,-1), 6(0,0,-1), 5(0,0,-1), 11(0,0,-1), 5(0,0,0) }
