FUNDAMENTAL CELL: (1.0, 1.0, 3.46409)
VERTEX 0: (0.0, 0.0, 1.732045)
VERTEX 1: (0.0, 0.5, 2.5980675)
VERTEX 2: (0.5, 0.5, 0.0)
VERTEX 3: (0.5, 0.0, 0.8660225)
EDGE 0: 0(0,0,0) <-> 0(1,0,0)
EDGE 1: 1(0,0,0) <-> 1(0,1,0)
EDGE 2: 2(0,0,0) <-> 2(-1,0,0)
EDGE 3: 3(0,0,0) <-> 3(0,-1,0)
EDGE 4: 0(0,0,0) <-> 3(0,0,0)
EDGE 5: 1(0,0,0) <-> 0(0,1,0)
EDGE 6: 2(0,0,0) <-> 1(0,0,-1)
EDGE 7: 3(0,0,0) <-> 2(0,-1,0)
EDGE 8: 0(0,0,0) <-> 3(-1,0,0)
EDGE 9: 1(0,0,0) <-> 0(0,0,0)
EDGE 10: 2(0,0,0) <-> 1(1,0,-1)
EDGE 11: 3(0,0,0) <-> 2(0,0,0)
FACE 0: { 5(0,-1,0), 1(0,-1,0), 9(0,0,0) }
FACE 1: { 4(0,0,0), 3(0,1,0), 4(0,1,0), 5(0,0,0), 9(0,0,0) }
FACE 2: { 6(0,0,1), 2(0,0,1), 10(-1,0,1) }
FACE 3: { 7(0,1,0), 3(0,1,0), 11(0,0,0) }
FACE 4: { 4(0,0,0), 0(0,0,0), 8(1,0,0) }
FACE 5: { 5(0,0,0), 0(-1,1,0), 5(-1,0,0), 6(-1,0,1), 10(-1,0,1) }
FACE 6: { 6(0,0,0), 1(0,-1,-1), 6(0,-1,0), 7(0,0,0), 11(0,0,0) }
FACE 7: { 7(0,0,0), 2(1,-1,0), 7(1,0,0), 4(1,0,0), 8(1,0,0) }
FACE 8: { 8(0,0,0), 3(-1,1,0), 8(0,1,0), 5(0,0,0), 9(0,0,0) }
FACE 9: { 9(0,0,0), 0(-1,0,0), 9(-1,0,0), 6(-1,0,1), 10(-1,0,1) }
FACE 10: { 10(0,0,0), 1(1,-1,-1), 10(0,-1,0), 7(0,0,0), 11(0,0,0) }
FACE 11: { 11(0,0,0), 2(1,0,0), 11(1,0,0), 4(1,0,0), 8(1,0,0) }
