FUNDAMENTAL CELL: (2.25018, 2.25018, 1.66133)
VERTEX 0: (1.057697109, 0.23849657819999998, 0.0)
VERTEX 1: (0.8192005308000001, 1.057697109, 0.2768883333333333)
VERTEX 2: (2.0116834218, 0.8192005308000001, 0.5537766666666666)
VERTEX 3: (1.1924828909999998, 2.0116834218, 0.830665)
VERTEX 4: (1.4309794691999997, 1.1924828909999998, 1.1075533333333332)
VERTEX 5: (0.23849657819999998, 1.4309794691999997, 1.3844416666666668)
EDGE 0: 0(0,0,0) <-> 5(0,-1,-1)
EDGE 1: 1(0,0,0) <-> 0(0,0,0)
EDGE 2: 2(0,0,0) <-> 1(1,0,0)
EDGE 3: 3(0,0,0) <-> 2(0,1,0)
EDGE 4: 4(0,0,0) <-> 3(0,0,0)
EDGE 5: 5(0,0,0) <-> 4(-1,0,0)
EDGE 6: 0(0,0,0) <-> 3(0,-1,0)
EDGE 7: 1(0,0,0) <-> 4(0,0,0)
EDGE 8: 2(0,0,0) <-> 5(1,0,0)
EDGE 9: 3(0,0,0) <-> 0(0,1,1)
EDGE 10: 4(0,0,0) <-> 1(0,0,1)
EDGE 11: 5(0,0,0) <-> 2(-1,0,1)
EDGE 12: 0(0,0,0) <-> 4(0,0,-1)
EDGE 13: 1(0,0,0) <-> 5(0,0,-1)
EDGE 14: 2(0,0,0) <-> 0(0,0,0)
EDGE 15: 3(0,0,0) <-> 1(0,0,0)
EDGE 16: 4(0,0,0) <-> 2(0,0,0)
EDGE 17: 5(0,0,0) <-> 3(0,0,0)
FACE 0: { 14(0,0,0), 3(0,-1,0), 6(0,0,0) }
FACE 1: { 0(0,0,0), 13(0,-1,0), 15(0,-1,0), 6(0,0,0) }
FACE 2: { 6(0,0,0), 17(0,-1,0), 5(0,-1,0), 4(-1,-1,0), 3(-1,-1,0), 2(-1,0,0), 1(0,0,0) }
FACE 3: { 15(0,0,0), 4(0,0,0), 7(0,0,0) }
FACE 4: { 16(0,0,0), 5(1,0,0), 8(0,0,0) }
FACE 5: { 17(0,0,0), 0(0,1,1), 9(0,0,0) }
FACE 6: { 12(0,0,1), 1(0,0,1), 10(0,0,0) }
FACE 7: { 13(0,0,1), 2(-1,0,1), 11(0,0,0) }
FACE 8: { 1(0,0,0), 14(0,0,0), 16(0,0,0), 7(0,0,0) }
FACE 9: { 2(0,0,0), 15(1,0,0), 17(1,0,0), 8(0,0,0) }
FACE 10: { 3(0,0,0), 16(0,1,0), 12(0,1,1), 9(0,0,0) }
FACE 11: { 4(0,0,0), 17(0,0,0), 13(0,0,1), 10(0,0,0) }
FACE 12: { 5(0,0,0), 12(-1,0,1), 14(-1,0,1), 11(0,0,0) }
FACE 13: { 7(0,0,0), 12(0,0,1), 0(0,0,1), 5(0,-1,0), 4(-1,-1,0), 3(-1,-1,0), 2(-1,0,0) }
FACE 14: { 8(0,0,0), 13(1,0,1), 1(1,0,1), 0(1,0,1), 5(1,-1,0), 4(0,-1,0), 3(0,-1,0) }
FACE 15: { 9(0,0,0), 14(0,1,1), 2(0,1,1), 1(1,1,1), 0(1,1,1), 5(1,0,0), 4(0,0,0) }
FACE 16: { 10(0,0,0), 15(0,0,1), 3(0,0,1), 2(0,1,1), 1(1,1,1), 0(1,1,1), 5(1,0,0) }
FACE 17: { 11(0,0,0), 16(-1,0,1), 4(-1,0,1), 3(-1,0,1), 2(-1,1,1), 1(0,1,1), 0(0,1,1) }
