FUNDAMENTAL CELL: (2.82843, 2.82843, 2.82843)
VERTEX 0: (0.35355375, 0.35355375, 0.35355375)
VERTEX 1: (0.35355375, 2.47487625, 1.0606612499999999)
VERTEX 2: (1.0606612499999999, 2.47487625, 1.76776875)
VERTEX 3: (1.0606612499999999, 0.35355375, 2.47487625)
VERTEX 4: (1.76776875, 1.0606612499999999, 2.47487625)
VERTEX 5: (2.47487625, 1.0606612499999999, 0.35355375)
VERTEX 6: (2.47487625, 1.76776875, 1.0606612499999999)
VERTEX 7: (1.76776875, 1.76776875, 1.76776875)
EDGE 0: 0(0,0,0) <-> 1(0,-1,0)
EDGE 1: 1(0,0,0) <-> 2(0,0,0)
EDGE 2: 2(0,0,0) <-> 3(0,1,0)
EDGE 3: 3(0,0,0) <-> 0(0,0,1)
EDGE 4: 0(0,0,0) <-> 5(-1,0,0)
EDGE 5: 4(0,0,0) <-> 3(0,0,0)
EDGE 6: 6(0,0,0) <-> 1(1,0,0)
EDGE 7: 2(0,0,0) <-> 7(0,0,0)
EDGE 8: 7(0,0,0) <-> 4(0,0,0)
EDGE 9: 4(0,0,0) <-> 5(0,0,1)
EDGE 10: 5(0,0,0) <-> 6(0,0,0)
EDGE 11: 6(0,0,0) <-> 7(0,0,0)
FACE 0: { 4(0,0,0), 10(-1,0,0), 11(-1,0,0), 8(-1,0,0), 9(-1,0,0), 4(0,0,1), 3(0,0,0), 2(0,-1,0), 1(0,-1,0), 0(0,0,0) }
FACE 1: { 6(-1,0,0), 11(-1,0,0), 8(-1,0,0), 9(-1,0,0), 10(-1,0,1), 6(-1,0,1), 0(0,1,1), 3(0,1,0), 2(0,0,0), 1(0,0,0) }
FACE 2: { 7(0,0,0), 8(0,0,0), 9(0,0,0), 10(0,0,1), 11(0,0,1), 7(0,0,1), 1(0,0,1), 0(0,1,1), 3(0,1,0), 2(0,0,0) }
FACE 3: { 5(0,0,0), 9(0,0,0), 10(0,0,1), 11(0,0,1), 8(0,0,1), 5(0,0,1), 2(0,-1,1), 1(0,-1,1), 0(0,0,1), 3(0,0,0) }
FACE 4: { 0(0,0,0), 1(0,-1,0), 7(0,-1,0), 11(0,-1,0), 6(0,-1,0), 0(1,0,0), 4(1,0,0), 9(0,0,-1), 5(0,0,-1), 3(0,0,-1) }
FACE 5: { 1(0,0,0), 2(0,0,0), 5(0,1,0), 8(0,1,0), 7(0,1,0), 1(0,1,0), 6(-1,1,0), 10(-1,1,0), 4(0,1,0), 0(0,1,0) }
FACE 6: { 2(0,0,0), 3(0,1,0), 4(0,1,1), 9(-1,1,0), 5(-1,1,0), 2(-1,0,0), 7(-1,0,0), 11(-1,0,0), 6(-1,0,0), 1(0,0,0) }
FACE 7: { 3(0,0,0), 0(0,0,1), 6(-1,-1,1), 10(-1,-1,1), 4(0,-1,1), 3(0,-1,0), 5(0,-1,0), 8(0,-1,0), 7(0,-1,0), 2(0,-1,0) }
FACE 8: { 9(0,0,0), 4(1,0,1), 0(1,0,1), 6(0,-1,1), 10(0,-1,1), 9(0,-1,0), 8(0,-1,0), 7(0,-1,0), 2(0,-1,0), 5(0,0,0) }
FACE 9: { 10(0,0,0), 6(0,0,0), 1(1,0,0), 7(1,0,0), 11(1,0,0), 10(1,0,0), 9(1,0,-1), 5(1,0,-1), 3(1,0,-1), 4(1,0,0) }
FACE 10: { 11(0,0,0), 7(0,0,0), 2(0,0,0), 5(0,1,0), 8(0,1,0), 11(0,1,0), 10(0,1,0), 4(1,1,0), 0(1,1,0), 6(0,0,0) }
FACE 11: { 8(0,0,0), 7(0,0,0), 1(0,0,0), 6(-1,0,0), 11(-1,0,0), 8(-1,0,0), 9(-1,0,0), 4(0,0,1), 3(0,0,0), 5(0,0,0) }
