FUNDAMENTAL CELL: (1.0, 3.8637, 3.73205)
VERTEX 0: (0.125, 0.4829625, 1.8325485115000002)
VERTEX 1: (0.125, 0.4829625, 2.8325139884999997)
VERTEX 2: (0.875, 3.3807375, 1.8995014884999997)
VERTEX 3: (0.875, 3.3807375, 0.8995360115000001)
VERTEX 4: (0.125, 2.4148125, 3.6985735115000002)
VERTEX 5: (0.125, 2.4148125, 0.9664889885)
VERTEX 6: (0.875, 1.4488875, 0.03347648849999992)
VERTEX 7: (0.875, 1.4488875, 2.7655610115000004)
VERTEX 8: (0.625, 0.4829625, 3.6985735115000002)
VERTEX 9: (0.625, 0.4829625, 0.9664889885)
VERTEX 10: (0.375, 3.3807375, 0.03347648849999992)
VERTEX 11: (0.375, 3.3807375, 2.7655610115000004)
VERTEX 12: (0.625, 2.4148125, 1.8325485115000002)
VERTEX 13: (0.625, 2.4148125, 2.8325139884999997)
VERTEX 14: (0.375, 1.4488875, 1.8995014884999997)
VERTEX 15: (0.375, 1.4488875, 0.8995360115000001)
EDGE 0: 0(0,0,0) <-> 14(0,0,0)
EDGE 1: 0(0,0,0) <-> 2(-1,-1,0)
EDGE 2: 1(0,0,0) <-> 11(0,-1,0)
EDGE 3: 1(0,0,0) <-> 7(-1,0,0)
EDGE 4: 2(0,0,0) <-> 12(0,0,0)
EDGE 5: 3(0,0,0) <-> 9(0,1,0)
EDGE 6: 3(0,0,0) <-> 5(1,0,0)
EDGE 7: 4(0,0,0) <-> 10(0,0,1)
EDGE 8: 4(0,0,0) <-> 6(-1,0,1)
EDGE 9: 5(0,0,0) <-> 15(0,0,0)
EDGE 10: 6(0,0,0) <-> 8(0,0,-1)
EDGE 11: 7(0,0,0) <-> 13(0,0,0)
EDGE 12: 8(0,0,0) <-> 10(0,-1,1)
EDGE 13: 9(0,0,0) <-> 15(0,0,0)
EDGE 14: 11(0,0,0) <-> 13(0,0,0)
EDGE 15: 12(0,0,0) <-> 14(0,0,0)
EDGE 16: 0(0,0,0) <-> 1(0,0,0)
EDGE 17: 2(0,0,0) <-> 3(0,0,0)
EDGE 18: 4(0,0,0) <-> 5(0,0,1)
EDGE 19: 6(0,0,0) <-> 7(0,0,-1)
EDGE 20: 8(0,0,0) <-> 9(0,0,1)
EDGE 21: 10(0,0,0) <-> 11(0,0,-1)
EDGE 22: 12(0,0,0) <-> 13(0,0,0)
EDGE 23: 14(0,0,0) <-> 15(0,0,0)
EDGE 24: 0(0,0,0) <-> 9(0,0,0)
EDGE 25: 0(0,0,0) <-> 9(-1,0,0)
EDGE 26: 1(0,0,0) <-> 8(0,0,0)
EDGE 27: 1(0,0,0) <-> 8(-1,0,0)
EDGE 28: 2(0,0,0) <-> 11(0,0,0)
EDGE 29: 2(0,0,0) <-> 11(1,0,0)
EDGE 30: 3(0,0,0) <-> 10(0,0,0)
EDGE 31: 3(0,0,0) <-> 10(1,0,0)
EDGE 32: 4(0,0,0) <-> 13(0,0,0)
EDGE 33: 4(0,0,0) <-> 13(-1,0,0)
EDGE 34: 5(0,0,0) <-> 12(0,0,0)
EDGE 35: 5(0,0,0) <-> 12(-1,0,0)
EDGE 36: 6(0,0,0) <-> 15(0,0,0)
EDGE 37: 6(0,0,0) <-> 15(1,0,0)
EDGE 38: 7(0,0,0) <-> 14(0,0,0)
EDGE 39: 7(0,0,0) <-> 14(1,0,0)
EDGE 40: 0(0,0,0) <-> 0(1,0,0)
EDGE 41: 1(0,0,0) <-> 1(1,0,0)
EDGE 42: 2(0,0,0) <-> 2(-1,0,0)
EDGE 43: 3(0,0,0) <-> 3(-1,0,0)
EDGE 44: 4(0,0,0) <-> 4(1,0,0)
EDGE 45: 5(0,0,0) <-> 5(1,0,0)
EDGE 46: 6(0,0,0) <-> 6(-1,0,0)
EDGE 47: 7(0,0,0) <-> 7(-1,0,0)
EDGE 48: 8(0,0,0) <-> 8(1,0,0)
EDGE 49: 9(0,0,0) <-> 9(1,0,0)
EDGE 50: 10(0,0,0) <-> 10(-1,0,0)
EDGE 51: 11(0,0,0) <-> 11(-1,0,0)
EDGE 52: 12(0,0,0) <-> 12(1,0,0)
EDGE 53: 13(0,0,0) <-> 13(1,0,0)
EDGE 54: 14(0,0,0) <-> 14(-1,0,0)
EDGE 55: 15(0,0,0) <-> 15(-1,0,0)
FACE 0: { 28(0,0,0), 51(1,0,0), 29(0,0,0) }
FACE 1: { 1(1,1,0), 16(1,1,0), 2(1,1,0), 29(0,0,0) }
FACE 2: { 1(1,1,0), 40(1,1,0), 1(2,1,0), 42(1,0,0) }
FACE 3: { 17(0,0,0), 43(1,0,0), 17(1,0,0), 42(1,0,0) }
FACE 4: { 38(0,0,0), 47(0,0,0), 39(-1,0,0) }
FACE 5: { 38(0,0,0), 54(1,0,0), 39(0,0,0) }
FACE 6: { 28(0,0,0), 42(0,0,0), 29(-1,0,0) }
FACE 7: { 24(0,0,0), 49(-1,0,0), 25(0,0,0) }
FACE 8: { 34(0,0,0), 45(0,0,0), 35(1,0,0) }
FACE 9: { 34(0,0,0), 52(-1,0,0), 35(0,0,0) }
FACE 10: { 24(0,0,0), 40(0,0,0), 25(1,0,0) }
FACE 11: { 36(0,0,0), 55(1,0,0), 37(0,0,0) }
FACE 12: { 30(0,0,0), 43(0,0,0), 31(-1,0,0) }
FACE 13: { 30(0,0,0), 50(1,0,0), 31(0,0,0) }
FACE 14: { 36(0,0,0), 46(0,0,0), 37(-1,0,0) }
FACE 15: { 32(0,0,0), 53(-1,0,0), 33(0,0,0) }
FACE 16: { 26(0,0,0), 41(0,0,0), 27(1,0,0) }
FACE 17: { 26(0,0,0), 48(-1,0,0), 27(0,0,0) }
FACE 18: { 32(0,0,0), 44(0,0,0), 33(1,0,0) }
FACE 19: { 0(0,0,0), 16(0,0,0), 3(0,0,0), 39(-1,0,0) }
FACE 20: { 1(0,0,0), 17(-1,-1,0), 5(-1,-1,0), 25(0,0,0) }
FACE 21: { 4(0,0,0), 17(0,0,0), 6(0,0,0), 35(1,0,0) }
FACE 22: { 8(1,0,-1), 18(1,0,-1), 9(1,0,0), 37(0,0,0) }
FACE 23: { 7(0,0,-1), 18(0,0,-1), 6(-1,0,0), 31(-1,0,0) }
FACE 24: { 8(0,0,0), 19(-1,0,1), 11(-1,0,0), 33(0,0,0) }
FACE 25: { 10(0,0,1), 19(0,0,1), 3(1,0,0), 27(1,0,0) }
FACE 26: { 12(0,1,-1), 20(0,1,-1), 5(0,0,0), 30(0,0,0) }
FACE 27: { 10(0,0,0), 20(0,0,-1), 13(0,0,0), 36(0,0,0) }
FACE 28: { 12(0,0,0), 21(0,-1,1), 2(0,0,0), 26(0,0,0) }
FACE 29: { 7(0,0,0), 21(0,0,1), 14(0,0,0), 32(0,0,0) }
FACE 30: { 15(0,0,0), 22(0,0,0), 11(0,0,0), 38(0,0,0) }
FACE 31: { 4(0,0,0), 22(0,0,0), 14(0,0,0), 28(0,0,0) }
FACE 32: { 15(0,0,0), 23(0,0,0), 9(0,0,0), 34(0,0,0) }
FACE 33: { 0(0,0,0), 23(0,0,0), 13(0,0,0), 24(0,0,0) }
FACE 34: { 0(0,0,0), 40(-1,0,0), 0(-1,0,0), 54(0,0,0) }
FACE 35: { 3(1,0,0), 41(1,0,0), 3(2,0,0), 47(1,0,0) }
FACE 36: { 2(0,1,0), 41(-1,1,0), 2(-1,1,0), 51(0,0,0) }
FACE 37: { 4(0,0,0), 42(1,0,0), 4(1,0,0), 52(0,0,0) }
FACE 38: { 6(-1,0,0), 43(-1,0,0), 6(-2,0,0), 45(-1,0,0) }
FACE 39: { 5(0,-1,0), 43(1,-1,0), 5(1,-1,0), 49(0,0,0) }
FACE 40: { 8(1,0,-1), 44(1,0,-1), 8(2,0,-1), 46(1,0,0) }
FACE 41: { 7(0,0,-1), 44(-1,0,-1), 7(-1,0,-1), 50(0,0,0) }
FACE 42: { 9(0,0,0), 45(-1,0,0), 9(-1,0,0), 55(0,0,0) }
FACE 43: { 10(0,0,1), 46(1,0,1), 10(1,0,1), 48(0,0,0) }
FACE 44: { 11(0,0,0), 47(1,0,0), 11(1,0,0), 53(0,0,0) }
FACE 45: { 12(0,1,-1), 48(0,1,-1), 12(1,1,-1), 50(1,0,0) }
FACE 46: { 13(0,0,0), 49(0,0,0), 13(1,0,0), 55(1,0,0) }
FACE 47: { 14(0,0,0), 51(0,0,0), 14(-1,0,0), 53(-1,0,0) }
FACE 48: { 15(0,0,0), 52(0,0,0), 15(1,0,0), 54(1,0,0) }
FACE 49: { 23(0,0,0), 55(0,0,0), 23(-1,0,0), 54(0,0,0) }
FACE 50: { 19(0,0,1), 46(1,0,1), 19(1,0,1), 47(1,0,0) }
FACE 51: { 21(0,0,1), 50(0,0,1), 21(-1,0,1), 51(0,0,0) }
FACE 52: { 16(0,0,0), 41(-1,0,0), 16(-1,0,0), 40(-1,0,0) }
FACE 53: { 22(0,0,0), 53(0,0,0), 22(1,0,0), 52(0,0,0) }
FACE 54: { 18(0,0,-1), 44(-1,0,-1), 18(-1,0,-1), 45(-1,0,0) }
FACE 55: { 20(0,0,-1), 48(0,0,-1), 20(1,0,-1), 49(0,0,0) }
