FUNDAMENTAL CELL: (1.0, 1.70497, 2.77754)
VERTEX 0: (0.0, 0.4262425, 0.261366514)
VERTEX 1: (0.0, 1.2787275, 2.516173486)
VERTEX 2: (0.5, 1.2787275, 1.650136514)
VERTEX 3: (0.5, 0.4262425, 1.127403486)
EDGE 0: 0(0,0,0) <-> 1(0,0,-1)
EDGE 1: 0(0,0,0) <-> 1(0,-1,-1)
EDGE 2: 2(0,0,0) <-> 3(0,1,0)
EDGE 3: 2(0,0,0) <-> 3(0,0,0)
EDGE 4: 0(0,0,0) <-> 3(0,0,0)
EDGE 5: 0(0,0,0) <-> 3(-1,0,0)
EDGE 6: 1(0,0,0) <-> 2(0,0,0)
EDGE 7: 1(0,0,0) <-> 2(-1,0,0)
EDGE 8: 0(0,0,0) <-> 0(1,0,0)
EDGE 9: 1(0,0,0) <-> 1(1,0,0)
EDGE 10: 2(0,0,0) <-> 2(1,0,0)
EDGE 11: 3(0,0,0) <-> 3(1,0,0)
FACE 0: { 5(0,0,0), 11(-1,0,0), 4(0,0,0) }
FACE 1: { 0(0,0,0), 9(0,0,-1), 0(1,0,0), 8(0,0,0) }
FACE 2: { 4(0,0,0), 3(0,0,0), 2(0,0,0), 4(0,1,0), 1(0,1,0), 0(0,0,0) }
FACE 3: { 7(0,0,0), 10(-1,0,0), 6(0,0,0) }
FACE 4: { 6(0,0,0), 9(0,0,0), 7(1,0,0) }
FACE 5: { 4(0,0,0), 8(0,0,0), 5(1,0,0) }
FACE 6: { 1(0,0,0), 9(-1,-1,-1), 1(-1,0,0), 8(-1,0,0) }
FACE 7: { 2(0,0,0), 11(0,1,0), 2(1,0,0), 10(0,0,0) }
FACE 8: { 3(0,0,0), 11(-1,0,0), 3(-1,0,0), 10(-1,0,0) }
FACE 9: { 5(0,0,0), 2(-1,-1,0), 3(-1,-1,0), 5(0,-1,0), 0(0,-1,0), 1(0,0,0) }
FACE 10: { 6(0,0,0), 3(0,0,0), 2(0,-1,0), 6(0,-1,0), 1(0,0,1), 0(0,0,1) }
FACE 11: { 7(0,0,0), 2(-1,0,0), 3(-1,1,0), 7(0,1,0), 0(0,1,1), 1(0,1,1) }
