FUNDAMENTAL CELL: (1.80146, 1.80146, 3.73753)
VERTEX 0: (0.0, 0.0, 0.5000067634)
VERTEX 1: (0.0, 0.0, 3.2375232366)
VERTEX 2: (0.90073, 0.90073, 2.3687717634)
VERTEX 3: (0.90073, 0.90073, 1.3687582366)
VERTEX 4: (0.90073, 0.0, 0.9343825)
VERTEX 5: (0.0, 0.90073, 2.8031475)
EDGE 0: 0(0,0,0) <-> 4(0,0,0)
EDGE 1: 1(0,0,0) <-> 5(0,-1,0)
EDGE 2: 0(0,0,0) <-> 4(-1,0,0)
EDGE 3: 1(0,0,0) <-> 5(0,0,0)
EDGE 4: 2(0,0,0) <-> 5(1,0,0)
EDGE 5: 3(0,0,0) <-> 4(0,0,0)
EDGE 6: 2(0,0,0) <-> 5(0,0,0)
EDGE 7: 3(0,0,0) <-> 4(0,1,0)
EDGE 8: 0(0,0,0) <-> 1(0,0,-1)
EDGE 9: 2(0,0,0) <-> 3(0,0,0)
FACE 0: { 2(0,0,0), 7(-1,-1,0), 9(-1,-1,0), 4(-1,-1,0), 6(0,-1,0), 9(0,-1,0), 7(0,-1,0), 0(0,0,0) }
FACE 1: { 2(0,0,0), 7(-1,-1,0), 5(-1,-1,0), 2(0,-1,0), 0(0,-1,0), 5(0,-1,0), 7(0,-1,0), 0(0,0,0) }
FACE 2: { 3(0,0,0), 4(-1,0,0), 9(-1,0,0), 5(-1,0,0), 7(-1,-1,0), 9(-1,-1,0), 4(-1,-1,0), 1(0,0,0) }
FACE 3: { 0(0,0,0), 5(0,0,0), 9(0,0,0), 6(0,0,0), 4(-1,0,0), 9(-1,0,0), 5(-1,0,0), 2(0,0,0) }
FACE 4: { 1(0,0,0), 6(0,-1,0), 9(0,-1,0), 7(0,-1,0), 5(0,0,0), 9(0,0,0), 6(0,0,0), 3(0,0,0) }
FACE 5: { 6(0,0,0), 3(0,0,0), 8(0,0,1), 0(0,0,1), 2(1,0,1), 8(1,0,1), 3(1,0,0), 4(0,0,0) }
FACE 6: { 7(0,0,0), 0(0,1,0), 8(0,1,0), 1(0,1,-1), 3(0,0,-1), 8(0,0,0), 0(0,0,0), 5(0,0,0) }
FACE 7: { 4(0,0,0), 1(1,1,0), 8(1,1,1), 2(1,1,1), 0(0,1,1), 8(0,1,1), 1(0,1,0), 6(0,0,0) }
FACE 8: { 5(0,0,0), 2(1,0,0), 8(1,0,0), 3(1,0,-1), 1(1,1,-1), 8(1,1,0), 2(1,1,0), 7(0,0,0) }
FACE 9: { 3(0,0,0), 4(-1,0,0), 6(-1,0,0), 3(-1,0,0), 1(-1,0,0), 6(-1,-1,0), 4(-1,-1,0), 1(0,0,0) }
