FUNDAMENTAL CELL: (1.88635, 1.88635, 5.3292)
VERTEX 0: (0.0, 1.4147625, 0.166164456)
VERTEX 1: (0.943175, 1.4147625, 1.498464456)
VERTEX 2: (0.943175, 0.4715875, 2.830764456)
VERTEX 3: (0.0, 0.4715875, 4.163064456)
VERTEX 4: (0.0, 0.4715875, 5.163035544)
VERTEX 5: (0.0, 1.4147625, 1.166135544)
VERTEX 6: (0.943175, 1.4147625, 2.4984355440000003)
VERTEX 7: (0.943175, 0.4715875, 3.8307355440000004)
EDGE 0: 0(0,0,0) <-> 4(0,0,-1)
EDGE 1: 1(0,0,0) <-> 5(1,0,0)
EDGE 2: 2(0,0,0) <-> 6(0,0,0)
EDGE 3: 3(0,0,0) <-> 7(-1,0,0)
EDGE 4: 7(0,0,0) <-> 3(0,0,0)
EDGE 5: 5(0,0,0) <-> 1(0,0,0)
EDGE 6: 2(0,0,0) <-> 6(0,-1,0)
EDGE 7: 0(0,0,0) <-> 4(0,1,-1)
EDGE 8: 0(0,0,0) <-> 5(0,0,0)
EDGE 9: 1(0,0,0) <-> 6(0,0,0)
EDGE 10: 2(0,0,0) <-> 7(0,0,0)
EDGE 11: 3(0,0,0) <-> 4(0,0,0)
FACE 0: { 11(0,0,0), 4(0,0,0), 10(0,0,0), 2(0,0,0), 6(0,1,0), 10(0,1,0), 4(0,1,0), 11(0,1,0), 7(0,0,1), 0(0,0,1) }
FACE 1: { 4(0,0,0), 10(0,0,0), 2(0,0,0), 6(0,1,0), 10(0,1,0), 4(0,1,0), 3(0,1,0), 10(-1,1,0), 6(-1,1,0), 2(-1,0,0), 10(-1,0,0), 3(0,0,0) }
FACE 2: { 8(0,0,0), 7(0,0,0), 11(0,1,-1), 3(0,1,-1), 4(-1,1,-1), 11(-1,1,-1), 7(-1,0,0), 8(-1,0,0), 5(-1,0,0), 1(-1,0,0) }
FACE 3: { 9(0,0,0), 5(0,0,0), 8(0,0,0), 0(0,0,0), 7(0,-1,0), 8(0,-1,0), 5(0,-1,0), 9(0,-1,0), 6(0,0,0), 2(0,0,0) }
FACE 4: { 10(0,0,0), 6(0,0,0), 9(0,-1,0), 1(0,-1,0), 5(1,-1,0), 9(1,-1,0), 6(1,0,0), 10(1,0,0), 4(1,0,0), 3(1,0,0) }
FACE 5: { 8(0,0,0), 1(-1,0,0), 9(-1,0,0), 2(-1,0,0), 6(-1,0,0), 9(-1,-1,0), 1(-1,-1,0), 8(0,-1,0), 7(0,-1,0), 0(0,0,0) }
FACE 6: { 10(0,0,0), 3(1,0,0), 11(1,0,0), 0(1,0,1), 7(1,0,1), 11(1,1,0), 3(1,1,0), 10(0,1,0), 6(0,1,0), 2(0,0,0) }
FACE 7: { 10(0,0,0), 2(0,0,0), 9(0,0,0), 5(0,0,0), 1(-1,0,0), 9(-1,0,0), 2(-1,0,0), 10(-1,0,0), 3(0,0,0), 4(0,0,0) }
FACE 8: { 8(0,0,0), 0(0,0,0), 11(0,0,-1), 4(0,0,-1), 3(1,0,-1), 11(1,0,-1), 0(1,0,0), 8(1,0,0), 1(0,0,0), 5(0,0,0) }
FACE 9: { 7(0,0,0), 11(0,1,-1), 3(0,1,-1), 4(-1,1,-1), 11(-1,1,-1), 7(-1,0,0), 0(-1,0,0), 11(-1,0,-1), 4(-1,0,-1), 3(0,0,-1), 11(0,0,-1), 0(0,0,0) }
FACE 10: { 5(0,0,0), 8(0,0,0), 0(0,0,0), 7(0,-1,0), 8(0,-1,0), 5(0,-1,0), 1(0,-1,0), 8(1,-1,0), 7(1,-1,0), 0(1,0,0), 8(1,0,0), 1(0,0,0) }
FACE 11: { 6(0,0,0), 9(0,-1,0), 1(0,-1,0), 5(1,-1,0), 9(1,-1,0), 6(1,0,0), 2(1,0,0), 9(1,0,0), 5(1,0,0), 1(0,0,0), 9(0,0,0), 2(0,0,0) }
