FUNDAMENTAL CELL: (2.88926, 2.88926, 2.88926)
VERTEX 0: (0.48155296420000004, 0.48155296420000004, 0.48155296420000004)
VERTEX 1: (1.2038679642, 1.6853920358, 0.24076203579999997)
VERTEX 2: (2.4077070358, 0.9630770358000001, 0.48155296420000004)
VERTEX 3: (1.6853920358, 2.6484979642, 0.24076203579999997)
VERTEX 4: (0.48155296420000004, 2.4077070358, 0.9630770358000001)
VERTEX 5: (0.24076203579999997, 1.6853920358, 2.6484979642)
VERTEX 6: (2.4077070358, 1.9261829642000001, 0.9630770358000001)
VERTEX 7: (2.6484979642, 2.6484979642, 2.6484979642)
VERTEX 8: (1.2038679642, 1.2038679642, 1.2038679642)
VERTEX 9: (0.9630770358000001, 2.4077070358, 1.9261829642000001)
VERTEX 10: (0.24076203579999997, 1.2038679642, 1.6853920358)
VERTEX 11: (2.6484979642, 0.24076203579999997, 1.6853920358)
VERTEX 12: (1.9261829642000001, 1.9261829642000001, 1.9261829642000001)
VERTEX 13: (1.9261829642000001, 0.9630770358000001, 2.4077070358)
VERTEX 14: (1.6853920358, 0.24076203579999975, 1.2038679642000003)
VERTEX 15: (0.9630770358000001, 0.4815529642000003, 2.4077070358)
VERTEX 16: (0.0, 0.722315, 2.5281025)
VERTEX 17: (1.44463, 2.166945, 1.0834725)
VERTEX 18: (0.0, 2.166945, 1.8057875)
VERTEX 19: (2.5281025, 0.0, 0.722315)
VERTEX 20: (0.722315, 2.5281025, 0.0)
VERTEX 21: (0.3611575, 1.44463, 0.722315)
VERTEX 22: (2.166945, 1.8057875, 0.0)
VERTEX 23: (0.722315, 0.3611575, 1.44463)
VERTEX 24: (1.0834725, 1.44463, 2.166945)
VERTEX 25: (2.166945, 1.0834725, 1.44463)
VERTEX 26: (1.8057875, 0.0, 2.166945)
VERTEX 27: (1.44463, 0.722315, 0.3611575)
EDGE 0: 16(0,0,0) <-> 10(0,0,0)
EDGE 1: 17(0,0,0) <-> 12(0,0,0)
EDGE 2: 16(0,0,0) <-> 11(-1,0,0)
EDGE 3: 17(0,0,0) <-> 9(0,0,0)
EDGE 4: 18(0,0,0) <-> 5(0,0,0)
EDGE 5: 18(0,0,0) <-> 6(-1,0,0)
EDGE 6: 18(0,0,0) <-> 7(-1,0,0)
EDGE 7: 18(0,0,0) <-> 4(0,0,0)
EDGE 8: 19(0,0,0) <-> 14(0,0,0)
EDGE 9: 20(0,0,0) <-> 15(0,1,-1)
EDGE 10: 21(0,0,0) <-> 8(0,0,0)
EDGE 11: 22(0,0,0) <-> 13(0,0,-1)
EDGE 12: 19(0,0,0) <-> 3(0,-1,0)
EDGE 13: 20(0,0,0) <-> 0(0,1,0)
EDGE 14: 21(0,0,0) <-> 1(0,0,0)
EDGE 15: 22(0,0,0) <-> 2(0,0,0)
EDGE 16: 20(0,0,0) <-> 1(0,0,0)
EDGE 17: 23(0,0,0) <-> 8(0,0,0)
EDGE 18: 24(0,0,0) <-> 13(0,0,0)
EDGE 19: 25(0,0,0) <-> 14(0,0,0)
EDGE 20: 21(0,0,0) <-> 6(-1,0,0)
EDGE 21: 23(0,0,0) <-> 10(0,0,0)
EDGE 22: 24(0,0,0) <-> 12(0,0,0)
EDGE 23: 26(0,0,0) <-> 9(0,-1,0)
EDGE 24: 17(0,0,0) <-> 3(0,0,0)
EDGE 25: 16(0,0,0) <-> 0(0,0,1)
EDGE 26: 17(0,0,0) <-> 1(0,0,0)
EDGE 27: 16(0,0,0) <-> 2(-1,0,1)
EDGE 28: 27(0,0,0) <-> 14(0,0,0)
EDGE 29: 27(0,0,0) <-> 15(0,0,-1)
EDGE 30: 27(0,0,0) <-> 8(0,0,0)
EDGE 31: 27(0,0,0) <-> 13(0,0,-1)
EDGE 32: 24(0,0,0) <-> 5(0,0,0)
EDGE 33: 25(0,0,0) <-> 6(0,0,0)
EDGE 34: 26(0,0,0) <-> 7(0,-1,0)
EDGE 35: 23(0,0,0) <-> 4(0,-1,0)
EDGE 36: 24(0,0,0) <-> 10(0,0,0)
EDGE 37: 25(0,0,0) <-> 12(0,0,0)
EDGE 38: 26(0,0,0) <-> 11(0,0,0)
EDGE 39: 23(0,0,0) <-> 9(0,-1,0)
EDGE 40: 25(0,0,0) <-> 11(0,0,0)
EDGE 41: 22(0,0,0) <-> 7(0,0,-1)
EDGE 42: 19(0,0,0) <-> 4(1,-1,0)
EDGE 43: 20(0,0,0) <-> 5(0,0,-1)
EDGE 44: 26(0,0,0) <-> 15(0,0,0)
EDGE 45: 22(0,0,0) <-> 3(0,0,0)
EDGE 46: 19(0,0,0) <-> 0(1,0,0)
EDGE 47: 21(0,0,0) <-> 2(-1,0,0)
EDGE 48: 16(0,0,0) <-> 15(0,0,0)
EDGE 49: 17(0,0,0) <-> 8(0,0,0)
EDGE 50: 16(0,0,0) <-> 13(-1,0,0)
EDGE 51: 17(0,0,0) <-> 14(0,1,0)
EDGE 52: 18(0,0,0) <-> 9(0,0,0)
EDGE 53: 18(0,0,0) <-> 10(0,0,0)
EDGE 54: 18(0,0,0) <-> 12(-1,0,0)
EDGE 55: 18(0,0,0) <-> 11(-1,1,0)
EDGE 56: 19(0,0,0) <-> 2(0,0,0)
EDGE 57: 20(0,0,0) <-> 3(0,0,0)
EDGE 58: 21(0,0,0) <-> 0(0,0,0)
EDGE 59: 22(0,0,0) <-> 1(0,0,0)
EDGE 60: 19(0,0,0) <-> 6(0,-1,0)
EDGE 61: 20(0,0,0) <-> 7(-1,0,-1)
EDGE 62: 21(0,0,0) <-> 4(0,0,0)
EDGE 63: 22(0,0,0) <-> 5(1,0,-1)
EDGE 64: 20(0,0,0) <-> 4(0,0,0)
EDGE 65: 23(0,0,0) <-> 0(0,0,0)
EDGE 66: 24(0,0,0) <-> 1(0,0,1)
EDGE 67: 25(0,0,0) <-> 2(0,0,0)
EDGE 68: 21(0,0,0) <-> 10(0,0,0)
EDGE 69: 23(0,0,0) <-> 15(0,0,0)
EDGE 70: 24(0,0,0) <-> 8(0,0,0)
EDGE 71: 26(0,0,0) <-> 14(0,0,0)
EDGE 72: 17(0,0,0) <-> 6(0,0,0)
EDGE 73: 16(0,0,0) <-> 7(-1,-1,0)
EDGE 74: 17(0,0,0) <-> 4(0,0,0)
EDGE 75: 16(0,0,0) <-> 5(0,0,0)
EDGE 76: 27(0,0,0) <-> 2(0,0,0)
EDGE 77: 27(0,0,0) <-> 3(0,-1,0)
EDGE 78: 27(0,0,0) <-> 0(0,0,0)
EDGE 79: 27(0,0,0) <-> 1(0,0,0)
EDGE 80: 24(0,0,0) <-> 9(0,0,0)
EDGE 81: 25(0,0,0) <-> 10(1,0,0)
EDGE 82: 26(0,0,0) <-> 12(0,-1,0)
EDGE 83: 23(0,0,0) <-> 11(-1,0,0)
EDGE 84: 24(0,0,0) <-> 15(0,0,0)
EDGE 85: 25(0,0,0) <-> 8(0,0,0)
EDGE 86: 26(0,0,0) <-> 13(0,0,0)
EDGE 87: 23(0,0,0) <-> 14(0,0,0)
EDGE 88: 25(0,0,0) <-> 13(0,0,0)
EDGE 89: 22(0,0,0) <-> 12(0,0,-1)
EDGE 90: 19(0,0,0) <-> 11(0,0,0)
EDGE 91: 20(0,0,0) <-> 9(0,0,-1)
EDGE 92: 26(0,0,0) <-> 3(0,-1,1)
EDGE 93: 22(0,0,0) <-> 6(0,0,0)
EDGE 94: 19(0,0,0) <-> 7(0,-1,-1)
EDGE 95: 21(0,0,0) <-> 5(0,0,-1)
FACE 0: { 81(-1,0,0), 67(-1,0,0), 47(0,0,0), 68(0,0,0) }
FACE 1: { 21(0,0,0), 17(0,0,0), 10(0,0,0), 68(0,0,0) }
FACE 2: { 82(0,1,0), 92(0,1,0), 45(0,0,1), 89(0,0,1) }
FACE 3: { 83(1,0,0), 65(1,0,0), 46(0,0,0), 90(0,0,0) }
FACE 4: { 80(0,0,0), 66(0,0,0), 16(0,0,1), 91(0,0,1) }
FACE 5: { 63(-1,0,1), 93(-1,0,1), 20(0,0,1), 95(0,0,1) }
FACE 6: { 60(0,1,0), 94(0,1,0), 41(0,0,0), 93(0,0,0) }
FACE 7: { 61(1,0,1), 64(1,0,1), 42(0,1,1), 94(0,1,1) }
FACE 8: { 62(0,0,0), 95(0,0,0), 43(0,0,0), 64(0,0,0) }
FACE 9: { 51(0,-1,0), 74(0,-1,0), 35(0,0,0), 87(0,0,0) }
FACE 10: { 48(0,0,0), 75(0,0,0), 32(0,0,0), 84(0,0,0) }
FACE 11: { 49(0,0,0), 72(0,0,0), 33(0,0,0), 85(0,0,0) }
FACE 12: { 50(1,0,0), 73(1,0,0), 34(0,0,0), 86(0,0,0) }
FACE 13: { 77(0,1,0), 78(0,1,0), 13(0,0,0), 57(0,0,0) }
FACE 14: { 78(0,0,0), 79(0,0,0), 14(0,0,0), 58(0,0,0) }
FACE 15: { 79(0,0,0), 76(0,0,0), 15(0,0,0), 59(0,0,0) }
FACE 16: { 76(0,0,0), 77(0,0,0), 12(0,0,0), 56(0,0,0) }
FACE 17: { 66(0,0,-1), 84(0,0,-1), 29(0,0,0), 79(0,0,0) }
FACE 18: { 70(0,0,0), 80(0,0,0), 3(0,0,0), 49(0,0,0) }
FACE 19: { 88(0,0,0), 81(0,0,0), 0(1,0,0), 50(1,0,0) }
FACE 20: { 71(0,0,0), 82(0,0,0), 1(0,-1,0), 51(0,-1,0) }
FACE 21: { 93(0,0,0), 59(0,0,0), 26(0,0,0), 72(0,0,0) }
FACE 22: { 68(0,0,0), 62(0,0,0), 7(0,0,0), 53(0,0,0) }
FACE 23: { 89(0,0,1), 63(0,0,1), 4(1,0,0), 54(1,0,0) }
FACE 24: { 91(0,0,1), 61(0,0,1), 6(0,0,0), 52(0,0,0) }
FACE 25: { 57(0,0,0), 91(0,0,0), 23(0,1,-1), 92(0,1,-1) }
FACE 26: { 58(0,0,0), 68(0,0,0), 21(0,0,0), 65(0,0,0) }
FACE 27: { 59(0,0,0), 89(0,0,0), 22(0,0,-1), 66(0,0,-1) }
FACE 28: { 56(0,0,0), 90(0,0,0), 40(0,0,0), 67(0,0,0) }
FACE 29: { 87(0,0,0), 69(0,0,0), 44(0,0,0), 71(0,0,0) }
FACE 30: { 84(0,0,0), 70(0,0,0), 17(0,0,0), 69(0,0,0) }
FACE 31: { 85(0,0,0), 88(0,0,0), 18(0,0,0), 70(0,0,0) }
FACE 32: { 86(0,0,0), 71(0,0,0), 19(0,0,0), 88(0,0,0) }
FACE 33: { 75(0,0,0), 50(0,0,0), 11(-1,0,1), 63(-1,0,1) }
FACE 34: { 72(0,0,0), 51(0,0,0), 8(0,1,0), 60(0,1,0) }
FACE 35: { 73(1,1,0), 48(1,1,0), 9(1,0,1), 61(1,0,1) }
FACE 36: { 74(0,0,0), 49(0,0,0), 10(0,0,0), 62(0,0,0) }
FACE 37: { 53(0,0,0), 54(0,0,0), 37(-1,0,0), 81(-1,0,0) }
FACE 38: { 54(1,0,0), 55(1,0,0), 38(0,1,0), 82(0,1,0) }
FACE 39: { 55(1,-1,0), 52(1,-1,0), 39(1,0,0), 83(1,0,0) }
FACE 40: { 52(0,0,0), 53(0,0,0), 36(0,0,0), 80(0,0,0) }
FACE 41: { 90(0,0,0), 60(0,0,0), 5(1,-1,0), 55(1,-1,0) }
FACE 42: { 94(0,1,1), 56(0,1,1), 27(1,1,0), 73(1,1,0) }
FACE 43: { 64(0,0,0), 57(0,0,0), 24(0,0,0), 74(0,0,0) }
FACE 44: { 95(0,0,1), 58(0,0,1), 25(0,0,0), 75(0,0,0) }
FACE 45: { 69(0,0,0), 83(0,0,0), 2(0,0,0), 48(0,0,0) }
FACE 46: { 92(0,1,-1), 86(0,1,-1), 31(0,1,0), 77(0,1,0) }
FACE 47: { 65(0,0,0), 87(0,0,0), 28(0,0,0), 78(0,0,0) }
FACE 48: { 67(0,0,0), 85(0,0,0), 30(0,0,0), 76(0,0,0) }
FACE 49: { 22(0,0,0), 18(0,0,0), 11(0,0,1), 89(0,0,1) }
FACE 50: { 40(0,0,0), 19(0,0,0), 8(0,0,0), 90(0,0,0) }
FACE 51: { 23(0,1,0), 44(0,1,0), 9(0,0,1), 91(0,0,1) }
FACE 52: { 43(0,0,1), 16(0,0,1), 14(0,0,1), 95(0,0,1) }
FACE 53: { 20(1,0,0), 47(1,0,0), 15(0,0,0), 93(0,0,0) }
FACE 54: { 41(0,0,1), 45(0,0,1), 12(0,1,1), 94(0,1,1) }
FACE 55: { 42(-1,1,0), 46(-1,1,0), 13(0,0,0), 64(0,0,0) }
FACE 56: { 28(0,0,0), 30(0,0,0), 17(0,0,0), 87(0,0,0) }
FACE 57: { 29(0,0,1), 31(0,0,1), 18(0,0,0), 84(0,0,0) }
FACE 58: { 30(0,0,0), 28(0,0,0), 19(0,0,0), 85(0,0,0) }
FACE 59: { 31(0,0,1), 29(0,0,1), 44(0,0,0), 86(0,0,0) }
FACE 60: { 24(0,0,0), 26(0,0,0), 16(0,0,0), 57(0,0,0) }
FACE 61: { 25(0,0,-1), 27(0,0,-1), 47(0,0,0), 58(0,0,0) }
FACE 62: { 26(0,0,0), 24(0,0,0), 45(0,0,0), 59(0,0,0) }
FACE 63: { 27(1,0,-1), 25(1,0,-1), 46(0,0,0), 56(0,0,0) }
FACE 64: { 14(0,0,0), 10(0,0,0), 30(0,0,0), 79(0,0,0) }
FACE 65: { 10(0,0,0), 14(0,0,0), 26(0,0,0), 49(0,0,0) }
FACE 66: { 11(0,0,1), 15(0,0,1), 27(1,0,0), 50(1,0,0) }
FACE 67: { 8(0,0,0), 12(0,0,0), 24(0,-1,0), 51(0,-1,0) }
FACE 68: { 33(0,0,0), 37(0,0,0), 1(0,0,0), 72(0,0,0) }
FACE 69: { 36(0,0,0), 32(0,0,0), 4(0,0,0), 53(0,0,0) }
FACE 70: { 37(0,0,0), 33(0,0,0), 5(1,0,0), 54(1,0,0) }
FACE 71: { 39(0,1,0), 35(0,1,0), 7(0,0,0), 52(0,0,0) }
FACE 72: { 45(0,0,0), 41(0,0,0), 34(0,1,-1), 92(0,1,-1) }
FACE 73: { 46(-1,0,0), 42(-1,0,0), 35(0,0,0), 65(0,0,0) }
FACE 74: { 16(0,0,0), 43(0,0,0), 32(0,0,-1), 66(0,0,-1) }
FACE 75: { 47(1,0,0), 20(1,0,0), 33(0,0,0), 67(0,0,0) }
FACE 76: { 19(0,0,0), 40(0,0,0), 38(0,0,0), 71(0,0,0) }
FACE 77: { 44(0,0,0), 23(0,0,0), 39(0,0,0), 69(0,0,0) }
FACE 78: { 17(0,0,0), 21(0,0,0), 36(0,0,0), 70(0,0,0) }
FACE 79: { 18(0,0,0), 22(0,0,0), 37(0,0,0), 88(0,0,0) }
FACE 80: { 4(0,0,0), 6(0,0,0), 41(-1,0,1), 63(-1,0,1) }
FACE 81: { 5(1,0,0), 7(1,0,0), 42(0,1,0), 60(0,1,0) }
FACE 82: { 6(1,0,0), 4(1,0,0), 43(1,0,1), 61(1,0,1) }
FACE 83: { 7(0,0,0), 5(0,0,0), 20(0,0,0), 62(0,0,0) }
FACE 84: { 0(0,0,0), 2(0,0,0), 40(-1,0,0), 81(-1,0,0) }
FACE 85: { 1(0,0,0), 3(0,0,0), 23(0,1,0), 82(0,1,0) }
FACE 86: { 2(1,0,0), 0(1,0,0), 21(1,0,0), 83(1,0,0) }
FACE 87: { 3(0,0,0), 1(0,0,0), 22(0,0,0), 80(0,0,0) }
FACE 88: { 38(0,0,0), 34(0,0,0), 6(1,-1,0), 55(1,-1,0) }
FACE 89: { 34(0,1,0), 38(0,1,0), 2(1,1,0), 73(1,1,0) }
FACE 90: { 35(0,1,0), 39(0,1,0), 3(0,0,0), 74(0,0,0) }
FACE 91: { 32(0,0,0), 36(0,0,0), 0(0,0,0), 75(0,0,0) }
FACE 92: { 9(0,-1,1), 13(0,-1,1), 25(0,0,0), 48(0,0,0) }
FACE 93: { 12(0,1,0), 8(0,1,0), 28(0,1,0), 77(0,1,0) }
FACE 94: { 13(0,-1,0), 9(0,-1,0), 29(0,0,0), 78(0,0,0) }
FACE 95: { 15(0,0,0), 11(0,0,0), 31(0,0,0), 76(0,0,0) }
