FUNDAMENTAL CELL: (2.26429, 2.26429, 2.25566)
VERTEX 0: (1.0699902395, 0.5350064412, 1.3157941478000001)
VERTEX 1: (0.5349837983000001, 1.0699902395, 1.6917374811333334)
VERTEX 2: (1.7292835587999997, 0.5349837983000001, 2.067680814466667)
VERTEX 3: (1.1942997604999999, 1.7292835587999997, 0.18796414780000031)
VERTEX 4: (1.7293062017, 1.1942997604999999, 0.5639074811333333)
VERTEX 5: (0.5350064412, 1.7293062017, 0.9398508144666669)
EDGE 0: 0(0,0,0) <-> 5(0,-1,0)
EDGE 1: 1(0,0,0) <-> 0(0,0,0)
EDGE 2: 2(0,0,0) <-> 1(1,0,0)
EDGE 3: 3(0,0,0) <-> 2(0,1,-1)
EDGE 4: 4(0,0,0) <-> 3(0,0,0)
EDGE 5: 5(0,0,0) <-> 4(-1,0,0)
EDGE 6: 0(0,0,0) <-> 4(0,0,0)
EDGE 7: 1(0,0,0) <-> 5(0,0,0)
EDGE 8: 2(0,0,0) <-> 0(0,0,0)
EDGE 9: 3(0,0,0) <-> 1(0,0,-1)
EDGE 10: 4(0,0,0) <-> 2(0,0,-1)
EDGE 11: 5(0,0,0) <-> 3(0,0,0)
FACE 0: { 6(0,0,0), 0(0,0,0), 11(0,-1,0), 3(0,-1,0), 10(0,0,0) }
FACE 1: { 5(1,0,0), 0(1,1,0), 1(1,1,0), 2(0,1,0), 3(0,0,1), 9(0,0,1), 1(0,0,0), 6(0,0,0) }
FACE 2: { 7(0,0,0), 1(0,0,0), 6(0,0,0), 4(0,0,0), 11(0,0,0) }
FACE 3: { 8(0,0,0), 2(0,0,0), 7(1,0,0), 5(1,0,0), 6(0,0,0) }
FACE 4: { 9(0,0,1), 3(0,0,1), 8(0,1,0), 0(0,1,0), 7(0,0,0) }
FACE 5: { 10(0,0,1), 4(0,0,1), 9(0,0,1), 1(0,0,0), 8(0,0,0) }
FACE 6: { 11(0,0,0), 5(0,0,0), 10(-1,0,0), 2(-1,0,-1), 9(0,0,0) }
FACE 7: { 0(0,1,0), 1(0,1,0), 2(-1,1,0), 3(-1,0,1), 4(-1,0,1), 10(-1,0,1), 2(-1,0,0), 7(0,0,0) }
FACE 8: { 1(0,0,0), 2(-1,0,0), 3(-1,-1,1), 4(-1,-1,1), 5(0,-1,1), 11(0,-1,1), 3(0,-1,1), 8(0,0,0) }
FACE 9: { 2(-1,0,0), 3(-1,-1,1), 4(-1,-1,1), 5(0,-1,1), 0(0,0,1), 6(0,0,1), 4(0,0,1), 9(0,0,1) }
FACE 10: { 3(0,-1,1), 4(0,-1,1), 5(1,-1,1), 0(1,0,1), 1(1,0,1), 7(1,0,1), 5(1,0,1), 10(0,0,1) }
FACE 11: { 4(0,0,0), 5(1,0,0), 0(1,1,0), 1(1,1,0), 2(0,1,0), 8(0,1,0), 0(0,1,0), 11(0,0,0) }
