FUNDAMENTAL CELL: (5.35036, 2.69504, 1.0)
VERTEX 0: (2.9963086072, 0.38326163840000005, 0.0)
VERTEX 1: (2.3540513928, 2.3117783616, 0.0)
VERTEX 2: (3.6916413928000003, 1.0570216384, 0.25)
VERTEX 3: (1.6587186072, 1.6380183616000001, 0.25)
VERTEX 4: (2.9963086072, 1.7307816383999999, 0.5)
VERTEX 5: (2.3540513928, 0.9642583616, 0.5)
VERTEX 6: (3.6916413928000003, 2.4045416384, 0.75)
VERTEX 7: (1.6587186072, 0.29049836160000014, 0.75)
VERTEX 8: (0.3211286071999998, 0.38326163840000005, 0.5)
VERTEX 9: (5.029231392800001, 2.3117783616, 0.5)
VERTEX 10: (1.0164613928000001, 1.0570216384, 0.75)
VERTEX 11: (4.3338986072, 1.6380183616000001, 0.75)
VERTEX 12: (0.3211286071999998, 1.7307816383999999, 0.0)
VERTEX 13: (5.029231392800001, 0.9642583616, 0.0)
VERTEX 14: (1.0164613928000001, 2.4045416384, 0.25)
VERTEX 15: (4.3338986072, 0.29049836160000014, 0.25)
EDGE 0: 0(0,0,0) <-> 5(0,0,0)
EDGE 1: 1(0,0,0) <-> 4(0,0,0)
EDGE 2: 2(0,0,0) <-> 11(0,0,0)
EDGE 3: 3(0,0,0) <-> 10(0,0,0)
EDGE 4: 4(0,0,0) <-> 1(0,0,1)
EDGE 5: 5(0,0,0) <-> 0(0,0,1)
EDGE 6: 6(0,0,0) <-> 15(0,1,1)
EDGE 7: 7(0,0,0) <-> 14(0,-1,1)
EDGE 8: 8(0,0,0) <-> 13(-1,0,1)
EDGE 9: 9(0,0,0) <-> 12(1,0,1)
EDGE 10: 10(0,0,0) <-> 3(0,0,1)
EDGE 11: 11(0,0,0) <-> 2(0,0,1)
EDGE 12: 12(0,0,0) <-> 9(-1,0,0)
EDGE 13: 13(0,0,0) <-> 8(1,0,0)
EDGE 14: 14(0,0,0) <-> 7(0,1,0)
EDGE 15: 15(0,0,0) <-> 6(0,-1,0)
EDGE 16: 0(0,0,0) <-> 0(0,0,1)
EDGE 17: 1(0,0,0) <-> 1(0,0,1)
EDGE 18: 2(0,0,0) <-> 2(0,0,1)
EDGE 19: 3(0,0,0) <-> 3(0,0,1)
EDGE 20: 4(0,0,0) <-> 4(0,0,1)
EDGE 21: 5(0,0,0) <-> 5(0,0,1)
EDGE 22: 6(0,0,0) <-> 6(0,0,1)
EDGE 23: 7(0,0,0) <-> 7(0,0,1)
EDGE 24: 8(0,0,0) <-> 8(0,0,1)
EDGE 25: 9(0,0,0) <-> 9(0,0,1)
EDGE 26: 10(0,0,0) <-> 10(0,0,1)
EDGE 27: 11(0,0,0) <-> 11(0,0,1)
EDGE 28: 12(0,0,0) <-> 12(0,0,1)
EDGE 29: 13(0,0,0) <-> 13(0,0,1)
EDGE 30: 14(0,0,0) <-> 14(0,0,1)
EDGE 31: 15(0,0,0) <-> 15(0,0,1)
EDGE 32: 0(0,0,0) <-> 1(0,-1,0)
EDGE 33: 2(0,0,0) <-> 15(0,0,0)
EDGE 34: 3(0,0,0) <-> 14(0,0,0)
EDGE 35: 4(0,0,0) <-> 5(0,0,0)
EDGE 36: 6(0,0,0) <-> 11(0,0,0)
EDGE 37: 7(0,0,0) <-> 10(0,0,0)
EDGE 38: 8(0,0,0) <-> 9(-1,-1,0)
EDGE 39: 12(0,0,0) <-> 13(-1,0,0)
EDGE 40: 0(0,0,0) <-> 6(0,-1,-1)
EDGE 41: 1(0,0,0) <-> 7(0,1,-1)
EDGE 42: 2(0,0,0) <-> 0(0,0,0)
EDGE 43: 3(0,0,0) <-> 1(0,0,0)
EDGE 44: 4(0,0,0) <-> 2(0,0,0)
EDGE 45: 5(0,0,0) <-> 3(0,0,0)
EDGE 46: 6(0,0,0) <-> 4(0,0,0)
EDGE 47: 7(0,0,0) <-> 5(0,0,0)
EDGE 48: 8(0,0,0) <-> 14(0,-1,0)
EDGE 49: 9(0,0,0) <-> 15(0,1,0)
EDGE 50: 10(0,0,0) <-> 8(0,0,0)
EDGE 51: 11(0,0,0) <-> 9(0,0,0)
EDGE 52: 12(0,0,0) <-> 10(0,0,-1)
EDGE 53: 13(0,0,0) <-> 11(0,0,-1)
EDGE 54: 14(0,0,0) <-> 12(0,0,0)
EDGE 55: 15(0,0,0) <-> 13(0,0,0)
FACE 0: { 13(-1,0,0), 29(-1,0,0), 8(0,0,0) }
FACE 1: { 50(0,0,0), 52(0,0,1), 39(0,0,1), 8(0,0,0) }
FACE 2: { 38(0,0,0), 25(-1,-1,0), 38(0,0,1), 24(0,0,0) }
FACE 3: { 50(0,0,0), 26(0,0,0), 50(0,0,1), 24(0,0,0) }
FACE 4: { 12(1,0,0), 28(1,0,0), 9(0,0,0) }
FACE 5: { 3(0,0,0), 19(0,0,0), 10(0,0,0) }
FACE 6: { 2(0,0,0), 18(0,0,0), 11(0,0,0) }
FACE 7: { 9(-1,0,-1), 25(-1,0,-1), 12(0,0,0) }
FACE 8: { 8(1,0,-1), 24(1,0,-1), 13(0,0,0) }
FACE 9: { 7(0,1,-1), 23(0,1,-1), 14(0,0,0) }
FACE 10: { 6(0,-1,-1), 22(0,-1,-1), 15(0,0,0) }
FACE 11: { 5(0,0,-1), 21(0,0,-1), 0(0,0,0) }
FACE 12: { 4(0,0,-1), 20(0,0,-1), 1(0,0,0) }
FACE 13: { 11(0,0,-1), 27(0,0,-1), 2(0,0,0) }
FACE 14: { 10(0,0,-1), 26(0,0,-1), 3(0,0,0) }
FACE 15: { 1(0,0,0), 17(0,0,0), 4(0,0,0) }
FACE 16: { 0(0,0,0), 16(0,0,0), 5(0,0,0) }
FACE 17: { 15(0,1,0), 31(0,1,0), 6(0,0,0) }
FACE 18: { 14(0,-1,0), 30(0,-1,0), 7(0,0,0) }
FACE 19: { 51(0,0,0), 53(0,0,1), 39(1,0,1), 9(0,0,0) }
FACE 20: { 52(0,0,1), 54(0,0,1), 34(0,0,1), 10(0,0,0) }
FACE 21: { 53(0,0,1), 55(0,0,1), 33(0,0,1), 11(0,0,0) }
FACE 22: { 54(0,0,0), 48(0,1,0), 38(0,1,0), 12(0,0,0) }
FACE 23: { 55(0,0,0), 49(0,-1,0), 38(1,0,0), 13(0,0,0) }
FACE 24: { 48(0,1,0), 50(0,1,0), 37(0,1,0), 14(0,0,0) }
FACE 25: { 49(0,-1,0), 51(0,-1,0), 36(0,-1,0), 15(0,0,0) }
FACE 26: { 42(0,0,0), 44(0,0,0), 35(0,0,0), 0(0,0,0) }
FACE 27: { 43(0,0,0), 45(0,0,0), 35(0,0,0), 1(0,0,0) }
FACE 28: { 44(0,0,0), 46(0,0,0), 36(0,0,0), 2(0,0,0) }
FACE 29: { 45(0,0,0), 47(0,0,0), 37(0,0,0), 3(0,0,0) }
FACE 30: { 46(0,0,0), 40(0,1,1), 32(0,1,1), 4(0,0,0) }
FACE 31: { 47(0,0,0), 41(0,-1,1), 32(0,0,1), 5(0,0,0) }
FACE 32: { 40(0,1,1), 42(0,1,1), 33(0,1,1), 6(0,0,0) }
FACE 33: { 41(0,-1,1), 43(0,-1,1), 34(0,-1,1), 7(0,0,0) }
FACE 34: { 37(0,0,0), 23(0,0,0), 37(0,0,1), 26(0,0,0) }
FACE 35: { 36(0,0,0), 22(0,0,0), 36(0,0,1), 27(0,0,0) }
FACE 36: { 39(0,0,0), 29(-1,0,0), 39(0,0,1), 28(0,0,0) }
FACE 37: { 34(0,0,0), 19(0,0,0), 34(0,0,1), 30(0,0,0) }
FACE 38: { 33(0,0,0), 18(0,0,0), 33(0,0,1), 31(0,0,0) }
FACE 39: { 32(0,0,0), 17(0,-1,0), 32(0,0,1), 16(0,0,0) }
FACE 40: { 35(0,0,0), 21(0,0,0), 35(0,0,1), 20(0,0,0) }
FACE 41: { 51(0,0,0), 27(0,0,0), 51(0,0,1), 25(0,0,0) }
FACE 42: { 52(0,0,1), 28(0,0,1), 52(0,0,2), 26(0,0,0) }
FACE 43: { 53(0,0,1), 29(0,0,1), 53(0,0,2), 27(0,0,0) }
FACE 44: { 54(0,0,0), 30(0,0,0), 54(0,0,1), 28(0,0,0) }
FACE 45: { 55(0,0,0), 31(0,0,0), 55(0,0,1), 29(0,0,0) }
FACE 46: { 48(0,1,0), 24(0,1,0), 48(0,1,1), 30(0,0,0) }
FACE 47: { 49(0,-1,0), 25(0,-1,0), 49(0,-1,1), 31(0,0,0) }
FACE 48: { 42(0,0,0), 18(0,0,0), 42(0,0,1), 16(0,0,0) }
FACE 49: { 43(0,0,0), 19(0,0,0), 43(0,0,1), 17(0,0,0) }
FACE 50: { 44(0,0,0), 20(0,0,0), 44(0,0,1), 18(0,0,0) }
FACE 51: { 45(0,0,0), 21(0,0,0), 45(0,0,1), 19(0,0,0) }
FACE 52: { 46(0,0,0), 22(0,0,0), 46(0,0,1), 20(0,0,0) }
FACE 53: { 47(0,0,0), 23(0,0,0), 47(0,0,1), 21(0,0,0) }
FACE 54: { 40(0,1,1), 16(0,1,1), 40(0,1,2), 22(0,0,0) }
FACE 55: { 41(0,-1,1), 17(0,-1,1), 41(0,-1,2), 23(0,0,0) }
