FUNDAMENTAL CELL: (2.39044, 2.39044, 2.13811)
VERTEX 0: (0.0, 1.79283, 0.26726375)
VERTEX 1: (1.19522, 1.79283, 0.8017912500000001)
VERTEX 2: (1.19522, 0.59761, 1.3363187500000002)
VERTEX 3: (0.0, 0.59761, 1.87084625)
VERTEX 4: (0.0, 0.0, 1.069055)
VERTEX 5: (0.59761, 1.79283, 1.6035825000000001)
VERTEX 6: (1.19522, 0.0, 0.0)
VERTEX 7: (0.59761, 0.59761, 0.5345275)
VERTEX 8: (1.79283, 0.59761, 0.5345275)
VERTEX 9: (1.79283, 1.79283, 1.6035825000000001)
VERTEX 10: (1.19522, 1.19522, 0.0)
VERTEX 11: (0.0, 1.19522, 1.069055)
EDGE 0: 4(0,0,0) <-> 3(0,0,0)
EDGE 1: 5(0,0,0) <-> 0(0,0,1)
EDGE 2: 6(0,0,0) <-> 1(0,-1,0)
EDGE 3: 7(0,0,0) <-> 2(0,0,0)
EDGE 4: 4(0,0,0) <-> 0(0,-1,0)
EDGE 5: 5(0,0,0) <-> 1(0,0,0)
EDGE 6: 6(0,0,0) <-> 2(0,0,-1)
EDGE 7: 7(0,0,0) <-> 3(0,0,-1)
EDGE 8: 8(0,0,0) <-> 3(1,0,-1)
EDGE 9: 9(0,0,0) <-> 1(0,0,0)
EDGE 10: 8(0,0,0) <-> 2(0,0,0)
EDGE 11: 9(0,0,0) <-> 0(1,0,1)
EDGE 12: 10(0,0,0) <-> 1(0,0,0)
EDGE 13: 11(0,0,0) <-> 3(0,0,0)
EDGE 14: 10(0,0,0) <-> 2(0,0,-1)
EDGE 15: 11(0,0,0) <-> 0(0,0,0)
EDGE 16: 4(0,0,0) <-> 7(0,0,0)
EDGE 17: 5(0,0,0) <-> 4(0,1,0)
EDGE 18: 6(0,0,0) <-> 5(0,-1,-1)
EDGE 19: 7(0,0,0) <-> 6(0,0,0)
EDGE 20: 4(0,0,0) <-> 9(-1,-1,0)
EDGE 21: 8(0,0,0) <-> 4(1,0,0)
EDGE 22: 6(0,0,0) <-> 8(0,0,0)
EDGE 23: 9(0,0,0) <-> 6(0,1,1)
EDGE 24: 10(0,0,0) <-> 9(0,0,-1)
EDGE 25: 8(0,0,0) <-> 10(0,0,0)
EDGE 26: 11(0,0,0) <-> 8(-1,0,0)
EDGE 27: 9(0,0,0) <-> 11(1,0,0)
EDGE 28: 10(0,0,0) <-> 7(0,0,0)
EDGE 29: 5(0,0,0) <-> 10(0,0,1)
EDGE 30: 11(0,0,0) <-> 5(0,0,0)
EDGE 31: 7(0,0,0) <-> 11(0,0,0)
FACE 0: { 2(0,1,0), 18(0,1,0), 29(0,0,-1), 12(0,0,0) }
FACE 1: { 12(0,0,0), 25(0,0,0), 26(1,0,0), 27(0,0,0), 9(0,0,0) }
FACE 2: { 3(0,0,0), 19(0,0,0), 22(0,0,0), 10(0,0,0) }
FACE 3: { 0(0,0,0), 16(0,0,0), 31(0,0,0), 13(0,0,0) }
FACE 4: { 1(0,0,-1), 17(0,0,-1), 20(0,1,-1), 11(-1,0,-1) }
FACE 5: { 6(0,0,1), 19(0,0,1), 28(0,0,1), 14(0,0,1) }
FACE 6: { 7(0,0,1), 16(0,0,1), 21(-1,0,1), 8(-1,0,1) }
FACE 7: { 4(0,1,0), 17(0,0,0), 30(0,0,0), 15(0,0,0) }
FACE 8: { 5(0,0,0), 18(0,1,1), 23(0,0,0), 9(0,0,0) }
FACE 9: { 6(0,0,1), 22(0,0,1), 25(0,0,1), 14(0,0,1) }
FACE 10: { 4(0,1,0), 20(0,1,0), 27(-1,0,0), 15(0,0,0) }
FACE 11: { 2(0,1,0), 23(0,0,-1), 24(0,0,0), 12(0,0,0) }
FACE 12: { 0(0,0,0), 21(-1,0,0), 26(0,0,0), 13(0,0,0) }
FACE 13: { 11(-1,0,-1), 27(-1,0,-1), 30(0,0,-1), 1(0,0,-1) }
FACE 14: { 10(0,0,0), 25(0,0,0), 28(0,0,0), 3(0,0,0) }
FACE 15: { 9(0,0,0), 24(0,0,1), 29(0,0,0), 5(0,0,0) }
FACE 16: { 8(-1,0,1), 26(0,0,1), 31(0,0,1), 7(0,0,1) }
FACE 17: { 10(0,0,0), 26(1,0,0), 27(0,0,0), 24(0,0,1), 14(0,0,1) }
FACE 18: { 13(0,0,0), 27(-1,0,0), 24(-1,0,1), 25(-1,0,1), 8(-1,0,1) }
FACE 19: { 11(-1,0,-1), 24(-1,0,0), 25(-1,0,0), 26(0,0,0), 15(0,0,0) }
FACE 20: { 14(0,0,1), 29(0,0,0), 30(0,0,0), 31(0,0,0), 3(0,0,0) }
FACE 21: { 5(0,0,0), 30(0,0,0), 31(0,0,0), 28(0,0,0), 12(0,0,0) }
FACE 22: { 15(0,0,0), 31(0,0,0), 28(0,0,0), 29(0,0,-1), 1(0,0,-1) }
FACE 23: { 7(0,0,1), 28(0,0,1), 29(0,0,0), 30(0,0,0), 13(0,0,0) }
FACE 24: { 0(0,0,0), 17(0,-1,0), 18(0,0,1), 19(0,0,1), 7(0,0,1) }
FACE 25: { 1(0,0,-1), 18(0,1,0), 19(0,1,0), 16(0,1,0), 4(0,1,0) }
FACE 26: { 2(0,1,0), 19(0,1,0), 16(0,1,0), 17(0,0,0), 5(0,0,0) }
FACE 27: { 3(0,0,0), 16(0,0,0), 17(0,-1,0), 18(0,0,1), 6(0,0,1) }
FACE 28: { 4(0,1,0), 21(-1,1,0), 22(-1,1,0), 23(-1,0,-1), 11(-1,0,-1) }
FACE 29: { 8(-1,0,1), 22(-1,0,1), 23(-1,-1,0), 20(0,0,0), 0(0,0,0) }
FACE 30: { 6(0,0,1), 23(0,-1,0), 20(1,0,0), 21(0,0,0), 10(0,0,0) }
FACE 31: { 9(0,0,0), 20(1,1,0), 21(0,1,0), 22(0,1,0), 2(0,1,0) }
